  0.5604444       1486.091       1758.806       2731606.      5.5077729E+09
  1.1822240E+13  -53.24160       4695.808      -108740.2       7983818.    
  -71.71540      0.0000000E+00   49.98379       2523.708       128563.1    
   6601302.      1.7765183E+10  4.8931463E+13  -3603.513       260843.8    
  -182823.6      1.3295576E+07   5164.938      0.0000000E+00

   5.594227       1405.780       8268.632       2483785.      4.8502825E+09
  1.0126587E+13  -391.5891       27474.40      -101661.1       7379098.    
  -70.74586      0.0000000E+00   49.17741       2450.988       123470.8    
   6275782.      1.6578093E+10  4.4887811E+13  -3501.708       250452.7    
  -175491.5      1.2617439E+07   5029.242      0.0000000E+00

  -2.926723       1489.141      -6522.408       2686144.      5.2798244E+09
  1.1009788E+13   220.5143      -16667.61      -108139.5       7878620.    
  -71.36229      0.0000000E+00   49.91319       2516.102       127900.5    
   6548726.      1.7488869E+10  4.7693934E+13  -3579.221       257614.9    
  -181196.7      1.3094571E+07   5112.900      0.0000000E+00

   8.575534       1358.452       11435.53       2335892.      4.4343107E+09
  8.9831370E+12  -606.4139       43137.60      -98041.01       7102416.    
  -70.49480      0.0000000E+00   48.99008       2436.496       122588.9    
   6226774.      1.6442614E+10  4.4522948E+13  -3478.619       248152.6    
  -174042.3      1.2484976E+07   4995.320      0.0000000E+00

   6.963219       1420.719       11626.38       2505670.      4.8459771E+09
  9.9459499E+12  -500.4259       36096.84      -102884.6       7477071.    
  -70.91818      0.0000000E+00   49.76192       2502.365       126955.7    
   6490359.      1.7293830E+10  4.7078084E+13  -3548.993       254233.9    
  -179368.6      1.2910555E+07   5053.202      0.0000000E+00
  0.5000000    
