  0.560200036      0.614033520       1.58032738E-02
  0.560400009      0.602980971       3.12400796E-02
  0.560599983      0.607409477       2.92887352E-02
  0.560800016      0.602414727       1.97533760E-02
  0.560999990      0.606387615       2.86571588E-02
  0.561200023      0.603725255       2.26243418E-02
  0.561399996      0.598219097       2.55016536E-02
  0.561600029      0.601281703       2.40058657E-02
  0.561800003      0.601898313       2.59373412E-02
  0.562000036      0.602926373       2.19628885E-02
