  0.560999990      0.634446025       2.15818100E-02   15.6726198       11.1195641      0.646414340       1.75523348E-02   16.1042938       14.0584612      -4.18507447E-03   2.12671375E-03  0.195302814       1.77189596E-02  -3.06821475E-03   1.98681792E-03  0.333758920       2.93117221E-02
  0.561999977      0.616684496       4.68714386E-02   26.4809837       24.2920742      0.628597677       6.13668710E-02   23.6230431       28.6219349      -5.74249309E-03   3.30840843E-03  0.186325043       2.64820568E-02  -4.28498676E-03   3.34795052E-03  0.319030702       4.98391427E-02
  0.563000023      0.614037871       5.25931269E-02   29.7799873       43.7109337      0.636794090       3.30332257E-02   20.1534233       19.7818890      -5.67533681E-03   3.55438003E-03  0.182536751       2.89400369E-02  -3.98066361E-03   2.88629020E-03  0.315051705       4.67481799E-02
  0.564000010      0.590045810       9.69596729E-02   43.6488838       69.9163513      0.634828210       3.26907858E-02   20.0638924       14.7860775      -6.36730203E-03   4.65215510E-03  0.169744864       3.73553522E-02  -4.15421743E-03   2.86411680E-03  0.305874765       5.11125736E-02
  0.564999998      0.608334541       3.58695686E-02   50.0098763       79.1936722      0.637903690       1.94419343E-02   19.9127560       12.1300478      -6.38113031E-03   2.63659004E-03  0.171491593       1.86907146E-02  -4.34989342E-03   2.03677081E-03  0.305986494       3.12022790E-02
  0.565999985      0.611858130       4.00810204E-02   27.8872890       25.0809612      0.637762725       1.78419854E-02   21.1603508       12.5081387      -6.39781961E-03   3.45003814E-03  0.171634749       2.26443559E-02  -4.44579124E-03   2.29855697E-03  0.303739667       2.80741546E-02
  0.567000031      0.603081644       5.54748513E-02   30.3071079       27.9240475      0.623422682       7.00252205E-02   21.6872425       15.8868513      -6.39521191E-03   2.94638379E-03  0.160777763       2.58263983E-02  -4.63038404E-03   2.87042884E-03  0.282634974       4.64945957E-02
  0.568000019      0.590833962       5.98651543E-02   48.3847694       73.5699463      0.630809724       2.32695602E-02   21.9614086       10.7720022      -7.07065780E-03   3.02340114E-03  0.154201135       2.96646692E-02  -4.86251991E-03   2.13907938E-03  0.279655069       4.27341647E-02
  0.569000006      0.588005662       5.11601344E-02   49.6816940       74.0550690      0.627286196       2.38509271E-02   25.5340862       14.4393530      -7.43476767E-03   2.98801693E-03  0.152729496       2.65438519E-02  -5.12755523E-03   2.27123126E-03  0.279153377       3.61891836E-02
  0.569999993      0.582436681       5.93003482E-02   31.5770988       20.9400158      0.626761079       2.79679038E-02   23.8270206       14.4602451      -7.66798854E-03   3.48076015E-03  0.146209449       2.66431700E-02  -5.17471740E-03   2.47124839E-03  0.272639692       4.39452454E-02
