  0.560200036      0.607646227       6.42790319E-03
  0.560400009      0.607873201       5.69428876E-03
  0.560599983      0.604364932       7.94414245E-03
  0.560800016      0.606774449       7.32096285E-03
  0.560999990      0.604274392       9.31581296E-03
  0.561200023      0.609432578       7.18288077E-03
  0.561399996      0.606482923       8.26047175E-03
  0.561600029      0.604004323       5.90800121E-03
  0.561800003      0.602025867       8.91832076E-03
  0.562000036      0.602101624       6.82546617E-03
