  0.560200036      0.599984050       2.38369275E-02
  0.560400009      0.603213906       2.52328515E-02
  0.560599983      0.607133329       2.31961869E-02
  0.560800016      0.605590701       2.14938056E-02
  0.560999990      0.611488938       1.64072663E-02
  0.561200023      0.595089793       3.50978784E-02
  0.561399996      0.605356216       2.15702076E-02
  0.561600029      0.601567268       2.16176845E-02
  0.561800003      0.606119990       2.63988171E-02
  0.562000036      0.607307732       2.18382385E-02
