  0.550999999      0.620633543       8.46150704E-03   96.7829514       67.5929413      0.650324285       3.35460249E-03   4.69422626       1.17564237      -8.89880676E-03   1.33540772E-03  0.244170025       8.75372626E-03  -5.53033967E-03   9.61868209E-04  0.430768967       9.71360691E-03
  0.551999986      0.621392369       8.91832076E-03   94.0021133       69.6468124      0.650940239       3.12652555E-03   4.44027472      0.945286691      -8.88667069E-03   1.42246578E-03  0.244900465       8.19527358E-03  -5.43512683E-03   8.87739996E-04  0.432567835       9.78026260E-03
  0.552999973      0.622550666       9.10484139E-03   100.338974       71.6373901      0.650452018       3.81984515E-03   4.61149311       1.17316794      -8.64567142E-03   1.80514122E-03  0.242856354       9.27798636E-03  -5.42391557E-03   1.19152491E-03  0.429329544       1.00282077E-02
  0.554000020      0.623070717       7.08596874E-03   120.769142       54.1046028      0.651232481       3.76958190E-03   4.38210201       1.45386350      -8.56708921E-03   1.66246411E-03  0.240748972       7.09773554E-03  -5.29240957E-03   1.24006765E-03  0.428005785       9.35985614E-03
  0.555000007      0.619175613       7.82012567E-03   82.7322311       60.0785828      0.649363518       4.60125739E-03   4.85017347       1.64204550      -9.24217701E-03   1.64309773E-03  0.238314271       8.63547157E-03  -5.80303092E-03   1.26077328E-03  0.423947006       1.04986141E-02
  0.555999994      0.618222535       6.85857050E-03   91.3602295       55.6667557      0.649850070       2.70985090E-03   4.54222107      0.825954378      -9.66038741E-03   1.51230884E-03  0.235065296       7.02302251E-03  -5.85511327E-03   1.00649032E-03  0.420950651       7.23167462E-03
  0.556999981      0.615173042       9.64525435E-03   104.580177       61.1136742      0.648397923       3.65396240E-03   4.88315868       1.01661229      -9.88414325E-03   1.76903268E-03  0.230629593       9.00346134E-03  -6.09297771E-03   1.10567268E-03  0.415417373       1.02329589E-02
  0.558000028      0.613325357       9.65883955E-03   123.838463       53.4360313      0.647635281       3.71863926E-03   5.18357611       1.17886329      -1.04602929E-02   1.74165226E-03  0.229705140       9.65297595E-03  -6.41676178E-03   1.11042813E-03  0.414894402       1.06098698E-02
  0.559000015      0.613582432       9.14664287E-03   96.3585205       54.6296272      0.647737265       3.73144005E-03   5.19684649       1.33610082      -9.97104030E-03   1.69555284E-03  0.226864621       9.13457945E-03  -6.24581566E-03   1.16260559E-03  0.411836535       9.83677711E-03
  0.560000002      0.606043398       1.24372812E-02   95.0978470       53.0473251      0.644694507       4.86324215E-03   5.89764500       1.40472460      -1.11576021E-02   2.07763421E-03  0.220175117       9.97083541E-03  -6.98138494E-03   1.40805123E-03  0.403716415       1.04696201E-02
