  0.560200036      0.605847239       3.93362017E-03   148.357895       11.8783541      0.644535840       1.63410162E-03   6.03215790      0.456199169      -1.14418324E-02   7.08548585E-04  0.219543427       3.56980017E-03  -7.18165049E-03   4.72862448E-04  0.403311342       4.16472694E-03
  0.560400009      0.608082414       2.81768315E-03   148.338409       10.5628328      0.645706296       1.43192173E-03   5.67893028      0.461430490      -1.09566506E-02   5.05098200E-04  0.221186206       2.72192177E-03  -6.83597941E-03   3.93035996E-04  0.405830860       3.59807280E-03
  0.560599983      0.607491672       4.02942998E-03   151.082870       6.15223503      0.645109296       1.80069229E-03   5.83908033      0.564268589      -1.11334501E-02   7.83386873E-04  0.220265910       3.23106069E-03  -6.97964430E-03   5.44906536E-04  0.404445708       4.02054470E-03
  0.560800016      0.606890917       3.36524635E-03   150.474579       6.19071913      0.644986928       1.57465972E-03   5.85245371      0.472978979      -1.11818854E-02   6.87458843E-04  0.219495133       3.07171210E-03  -7.00464845E-03   4.95928223E-04  0.403535932       3.70579399E-03
  0.560999990      0.607330501       2.70544831E-03   152.391968       6.33516979      0.645175099       1.19603996E-03   5.77369404      0.387117058      -1.11471172E-02   4.18672367E-04  0.219500929       2.55765719E-03  -6.98108086E-03   3.30657465E-04  0.403091729       2.91131926E-03
  0.561200023      0.606426179       2.95803347E-03   151.723373       5.57505608      0.644870877       1.77401386E-03   5.87816477      0.546498179      -1.11845192E-02   5.20836795E-04  0.218440846       3.13461735E-03  -7.03230500E-03   4.46564052E-04  0.402211338       4.07356489E-03
  0.561399996      0.604714453       3.17570544E-03   147.102707       7.18766308      0.644035518       1.46484375E-03   6.05439281      0.431590259      -1.15001444E-02   5.34863560E-04  0.216500193       2.66661472E-03  -7.22138304E-03   3.75471631E-04  0.399671376       3.51087470E-03
  0.561600029      0.605899036       4.42965562E-03   150.404236       5.30874872      0.644508183       1.49704190E-03   5.90065098      0.403332382      -1.13268197E-02   6.50452334E-04  0.217090219       3.51384422E-03  -7.12466845E-03   4.00793797E-04  0.400123060       3.74578871E-03
  0.561800003      0.605412304       3.30086797E-03   149.921844       8.93623257      0.644523740       1.60465599E-03   5.89449596      0.451279223      -1.13937436E-02   5.55794977E-04  0.217038319       2.62550521E-03  -7.11713452E-03   4.13503323E-04  0.400302976       3.40573979E-03
  0.562000036      0.603706002       4.34268452E-03   145.638321       8.11557198      0.643622756       1.86572003E-03   6.16631126      0.574407399      -1.17806494E-02   6.71178626E-04  0.215886384       3.39127053E-03  -7.41065759E-03   4.76534944E-04  0.398736298       4.04714188E-03
