  0.560200036      0.609459400       9.38592944E-03   120.251099       41.2502632      0.644849300       4.26792447E-03   5.93435144       1.34594321      -1.10432981E-02   1.80406065E-03  0.221753761       8.01937841E-03  -6.97199721E-03   1.33544160E-03  0.402781725       9.52211022E-03
  0.560400009      0.608110845       9.38338879E-03   104.196106       45.6371727      0.645986438       4.61677602E-03   5.43828583       1.32379580      -1.06341783E-02   1.52617262E-03  0.219947249       8.24440178E-03  -6.59046788E-03   1.10404089E-03  0.404012829       1.05574941E-02
  0.560599983      0.607749343       1.31944399E-02   104.556236       49.6074905      0.644282281       5.79801854E-03   6.01522684       1.67459345      -1.10235931E-02   2.17724801E-03  0.219031766       1.29470518E-02  -6.99725747E-03   1.55920826E-03  0.401132882       1.56047689E-02
  0.560800016      0.606348395       1.01874238E-02   135.546524       26.3068733      0.644827485       3.78850871E-03   5.89453650       1.28195012      -1.13434438E-02   1.82566477E-03  0.218655556       8.26534163E-03  -7.06946850E-03   1.21982780E-03  0.402850002       8.47277045E-03
  0.560999990      0.608792841       1.35835251E-02   93.6913681       53.5999718      0.644859195       5.57154370E-03   5.85505199       1.65232897      -1.10895457E-02   2.47421395E-03  0.223069027       1.10917520E-02  -7.07519660E-03   1.56978390E-03  0.405531466       1.36067607E-02
  0.561200023      0.601642072       1.22839380E-02   129.833420       29.7506561      0.642148674       5.11181727E-03   6.63089752       1.41164112      -1.20677892E-02   2.20519863E-03  0.213929489       1.20434593E-02  -7.72362342E-03   1.64642965E-03  0.396008492       1.40107796E-02
  0.561399996      0.611035407       8.91029648E-03   109.600426       47.6373901      0.647686064       3.45956837E-03   4.92623615      0.971572399      -1.03088859E-02   1.64221716E-03  0.222008273       9.25418548E-03  -6.32009516E-03   1.03739009E-03  0.407346338       1.16052860E-02
  0.561600029      0.603882253       1.00886514E-02   109.722328       44.7530899      0.644311428       3.91234877E-03   5.92496014       1.17905223      -1.14958761E-02   1.71182596E-03  0.217206836       9.09239519E-03  -7.13754306E-03   1.27379596E-03  0.401363224       9.80035309E-03
  0.561800003      0.604547381       1.51343560E-02   105.952225       49.6695786      0.644605219       4.90230508E-03   5.83634853       1.38683546      -1.11209629E-02   2.24220357E-03  0.215336770       1.30199306E-02  -6.90650940E-03   1.29342882E-03  0.399035245       1.32795451E-02
  0.562000036      0.605141342       1.02620414E-02   116.536865       39.1260796      0.645245790       4.52286564E-03   5.59900379       1.26636863      -1.11189606E-02   1.65043049E-03  0.217687696       9.71023086E-03  -6.89706812E-03   1.21664687E-03  0.402443826       1.13503076E-02
