  0.550999999    
  0.624188125       2.12836871E-03   170.769821       13.6058350      0.651620209       7.56442081E-04   4.29104137      0.253060490      -8.59502517E-03   3.84282233E-04  0.247470662       2.30451161E-03  -5.26939612E-03   2.51249294E-04  0.434500605       2.47775670E-03
  0.560999990    
  0.606867731       7.56126828E-03   107.115074       44.9404564      0.645493329       3.28276097E-03   5.55623865      0.896601379      -1.12393973E-02   1.09436479E-03  0.217432529       7.41560804E-03  -6.89949980E-03   8.22033151E-04  0.401426226       9.09042824E-03
  0.561999977    
  0.607922435       8.56930111E-03   108.346397       58.3722038      0.645797431       3.79479676E-03   5.41980600      0.969323158      -1.04134437E-02   1.62388221E-03  0.218552351       8.37014336E-03  -6.44627819E-03   1.04580331E-03  0.402273893       1.21894404E-02
  0.563000023    
  0.597759664       6.38510566E-03   125.321152       24.5508709      0.641821980       4.90230508E-03   6.43500805       1.53797448      -1.22062685E-02   1.39423925E-03  0.208156392       6.81016687E-03  -7.77280331E-03   1.35503290E-03  0.389920771       9.20898933E-03
  0.564000010    
  0.600653768       1.00803766E-02   125.735023       19.7222900      0.642675340       3.69290449E-03   6.22137022      0.963102579      -1.18111493E-02   1.73660845E-03  0.211379454       8.62563029E-03  -7.47628231E-03   1.10610691E-03  0.392144978       1.10431472E-02
  0.564999998    
  0.600258887       9.91102681E-03   110.867386       41.2451515      0.642677307       3.65396240E-03   6.13690519      0.954676628      -1.17999315E-02   2.03077798E-03  0.209026128       7.98399560E-03  -7.50067225E-03   1.17972004E-03  0.393080682       9.94105171E-03
  0.565999985    
  0.597006440       1.01216827E-02   107.151657       39.8620453      0.642245293       5.00815688E-03   6.09068298       1.18480361      -1.17481351E-02   1.61112507E-03  0.203785941       6.69542002E-03  -7.46290665E-03   1.23306690E-03  0.386655748       1.16922716E-02
  0.567000031    
  0.594136238       1.46850133E-02   109.069321       36.9329414      0.640188575       6.14536414E-03   6.48415232       1.66948855      -1.25340223E-02   2.31666164E-03  0.201243430       1.38727957E-02  -7.80451298E-03   1.55121740E-03  0.381694138       1.63483098E-02
  0.568000019    
  0.586750805       1.64145306E-02   97.6728973       35.8765793      0.638629735       5.38439397E-03   6.87697220       1.39143896      -1.35088563E-02   2.63737468E-03  0.194791272       1.00532891E-02  -8.32779426E-03   1.69613131E-03  0.375089586       1.07898004E-02
  0.569000006    
  0.582347035       1.37032280E-02   101.486336       40.5271339      0.635377526       6.49982877E-03   7.76674938       1.48522592      -1.46404151E-02   2.78226356E-03  0.190468833       1.00475065E-02  -9.60391760E-03   1.85573474E-03  0.369831145       1.32530360E-02
  0.569999993    
  0.583759189       1.09335752E-02   96.5918198       30.0246773      0.638551354       3.87561228E-03   6.71758795      0.928616762      -1.41023276E-02   1.65317557E-03  0.190532088       8.42550490E-03  -8.69449414E-03   1.03099633E-03  0.371174514       1.05224326E-02
  0.560999990      0.610410035       7.52650341E-03   138.298874       27.5901928      0.646150112       3.30447732E-03   5.48961353      0.916912615      -1.03553887E-02   1.73643080E-03  0.219728753       7.76044698E-03  -6.57397509E-03   1.08957000E-03  0.404389292       8.45798384E-03
  0.561999977      0.607354283       6.71985699E-03   131.477615       21.1126442      0.644329071       3.26089980E-03   6.18316555       1.21639395      -1.13090035E-02   1.07291096E-03  0.217926770       6.52522594E-03  -7.21834879E-03   7.86497665E-04  0.400795877       6.53093262E-03
  0.563000023      0.596852601       1.68170184E-02   107.820168       48.2356529      0.641038299       5.94019797E-03   6.54624319       1.39080822      -1.27725955E-02   2.52137356E-03  0.209609747       1.19177140E-02  -8.03986751E-03   1.61048910E-03  0.390924037       1.35729890E-02
  0.564000010      0.604447961       9.94344987E-03   72.4652786       39.3488426      0.643759131       3.44575755E-03   5.89314270      0.962208569      -1.12055782E-02   1.27073738E-03  0.210886165       9.90967359E-03  -7.17014074E-03   9.35187622E-04  0.394717276       1.09373908E-02
  0.564999998      0.593925655       1.31183276E-02   104.987770       40.2864075      0.641514480       3.81359854E-03   6.23035622      0.863685906      -1.27402423E-02   1.72770326E-03  0.201573372       9.87729151E-03  -7.78381806E-03   1.00038212E-03  0.383311838       1.00584757E-02
  0.565999985      0.600115180       9.68841556E-03   96.7144089       46.7428551      0.641838253       4.66813240E-03   6.61002493       1.48777986      -1.22675542E-02   1.74614158E-03  0.207955003       7.73871876E-03  -7.75321713E-03   1.39572879E-03  0.389233500       6.99623721E-03
  0.567000031      0.590753257       1.84250977E-02   86.3310318       42.1755333      0.637787879       1.00851059E-02   7.37341976       2.80149531      -1.34059433E-02   3.13731795E-03  0.200780228       9.57983639E-03  -8.58749170E-03   2.57829065E-03  0.379175454       1.39327105E-02
  0.568000019      0.593293369       1.46027934E-02   112.529869       27.2831078      0.639719009       5.08844340E-03   6.63173294       1.31224775      -1.30440472E-02   2.26026657E-03  0.201864272       1.03893243E-02  -8.11578054E-03   1.47850497E-03  0.382390231       1.07820639E-02
  0.569000006      0.595200777       1.12410784E-02   91.8985138       41.4048996      0.640314102       5.38882008E-03   6.61231470       1.53316212      -1.24307517E-02   1.95039914E-03  0.198976964       1.08691948E-02  -7.83297978E-03   1.47107115E-03  0.378302932       1.12781338E-02
  0.569999993      0.585831463       1.31808808E-02   115.079895       28.0171261      0.638450623       4.46984079E-03   6.72915506      0.950577736      -1.36524085E-02   1.61819800E-03  0.193679661       1.00448364E-02  -8.36555939E-03   1.05897535E-03  0.372387558       1.11425528E-02
