   2.07600069       1409.25916       3411.37231       2403358.25       4.47853670E+09   8.85563117E+12  -148.813232       10613.3154      -100935.070       7247760.50      -70.4613037       0.00000000       49.3689880       2462.57422       123850.109       6271654.00       1.63591731E+10   4.34879196E+13  -3495.71313       248326.891      -175086.969       12485734.0       4982.67920       0.00000000    
   9.91138268       1436.65320       14434.8447       2380812.00       4.23799142E+09   7.94513742E+12  -694.988770       48870.7656      -102697.945       7356892.00      -70.7509003       0.00000000       49.6355286       2480.23804       124638.031       6294481.00       1.62637138E+10   4.26652698E+13  -3522.05127       250544.531      -176462.625       12584652.0       5019.00879       0.00000000    
   1.61817074       1428.76685       3193.35791       2406780.00       4.38540902E+09   8.42321415E+12  -114.062698       8072.41943      -102561.383       7376759.00      -70.9613266       0.00000000       49.8523483       2502.60376       126400.500       6418920.00       1.67901143E+10   4.46402082E+13  -3548.55249       253181.125      -178634.188       12779068.0       5048.01172       0.00000000    
  -11.7737770       1500.75256      -21296.2422       2662233.75       5.08457062E+09   1.02262007E+13   849.538208      -61396.9922      -108401.328       7848639.50      -71.0981522       0.00000000       49.9306831       2519.00171       128111.414       6558875.50       1.74745846E+10   4.74002699E+13  -3567.43555       255662.594      -180691.359       12997031.0       5072.59814       0.00000000    
   6.04094304E-02   1371.73926      -486.461609       2280395.25       4.15137357E+09   8.05053504E+12  -7.12428427       706.646118      -98474.3516       7086724.00      -70.6137848       0.00000000       49.4470253       2467.29248       124059.867       6279282.00       1.63579853E+10   4.34141502E+13  -3506.86475       249471.031      -175644.625       12539454.0       5002.86035       0.00000000    
  -6.66811323       1353.25488      -10654.6191       2235128.00       4.02987418E+09   7.71166516E+12   467.007050      -32801.2188      -96193.7031       6858383.50      -69.7473221       0.00000000       48.7569809       2404.37988       119677.047       6003957.50       1.54103777E+10   4.04146440E+13  -3419.27148       240675.938      -169411.578       11977516.0       4884.30713       0.00000000    
  -14.4678659       1402.89819      -23914.5664       2365148.25       4.33939661E+09   8.43698930E+12   1043.55615      -75428.5859      -100509.555       7217720.50      -70.6188965       0.00000000       49.7175598       2489.87891       125504.781       6363053.50       1.66071214E+10   4.41055812E+13  -3523.14331       250351.484      -176998.344       12615326.0       5001.60010       0.00000000    
   1.98471546       1417.37000       3727.39673       2359417.75       4.26254208E+09   8.15749503E+12  -145.277359       10651.2881      -101286.812       7253960.50      -70.5815659       0.00000000       49.6442108       2480.77124       124701.328       6302123.50       1.63286047E+10   4.30247804E+13  -3514.61719       249442.016      -176123.500       12533933.0       4994.74609       0.00000000    
  -5.56804705       1325.60840      -7641.00342       2154435.75       3.84341734E+09   7.30886203E+12   395.941864      -28198.8730      -94213.9375       6713790.50      -70.0235138       0.00000000       48.8616142       2412.02319       120094.234       6023536.00       1.54360248E+10   4.03762745E+13  -3437.55029       242589.703      -170384.906       12070624.0       4919.82178       0.00000000    
   4.40961742       1514.78589       8162.01514       2683438.00       5.13481472E+09   1.03758158E+13  -308.820404       21696.3594      -108753.742       7826708.00      -70.7657471       0.00000000       49.7927017       2501.02271       126540.391       6442676.00       1.69723249E+10   4.55413418E+13  -3537.31445       251995.703      -178289.203       12743267.0       5022.65674       0.00000000    
  -2.15620899       1414.07751      -2787.46875       2367552.50       4.30517606E+09   8.28890101E+12   145.308380      -9761.78125      -101095.156       7245787.00      -70.5282211       0.00000000       49.5229568       2470.73779       124048.961       6262971.00       1.61987379E+10   4.26064824E+13  -3505.92432       248914.328      -175496.422       12499399.0       4989.63184       0.00000000    
  -7.56233025       1410.55518      -12736.1924       2408711.25       4.50870630E+09   8.96449223E+12   546.492004      -39503.7070      -100979.258       7246351.50      -70.6168365       0.00000000       49.4955292       2470.64209       124232.180       6287295.50       1.63764521E+10   4.34813891E+13  -3508.52246       249385.656      -175733.938       12532342.0       5001.20410       0.00000000    
   3.01072216       1521.99512       4689.62744       2666377.00       5.00800973E+09   9.88396965E+12  -211.724823       14913.0225      -109778.289       7934682.50      -71.2890778       0.00000000       50.1831627       2535.56226       128872.375       6584446.50       1.74254572E+10   4.68501869E+13  -3589.15356       257348.562      -181875.062       13077022.0       5095.81543       0.00000000    
  0.622502327       1440.36011       1416.01538       2436997.50       4.44842035E+09   8.54700222E+12  -52.7530136       4390.59570      -103134.281       7401953.50      -70.6929932       0.00000000       49.6745071       2484.70850       125049.641       6328143.50       1.64416276E+10   4.34383010E+13  -3523.32349       250566.422      -176772.328       12608356.0       5011.38428       0.00000000    
  -9.09090328       1444.29138      -15768.9424       2477704.50       4.60241664E+09   9.01550126E+12   655.683472      -47433.1367      -103543.336       7442017.50      -70.6823730       0.00000000       49.7198372       2492.21240       125776.445       6385195.50       1.67068826E+10   4.44715636E+13  -3528.30371       251156.000      -177470.031       12674240.0       5012.70850       0.00000000    
 -0.259019911       1460.30457      -920.077087       2509851.50       4.64637491E+09   9.04815077E+12   15.4840393      -906.824890      -105052.477       7572923.00      -71.0480652       0.00000000       50.0419960       2520.30371       127668.594       6501249.50       1.70962954E+10   4.56965226E+13  -3566.37671       254789.328      -180131.047       12904464.0       5060.73438       0.00000000    
   6.27995634       1406.53052       10545.3828       2331291.75       4.16718541E+09   7.84477926E+12  -449.280457       32154.0840      -100445.773       7189769.50      -70.4945526       0.00000000       49.5162506       2468.56494       123812.328       6243647.00       1.61069967E+10   4.22498408E+13  -3502.40601       248410.578      -175147.469       12459413.0       4983.72754       0.00000000    
  0.641789138       1382.03979       1757.28821       2311877.75       4.21733069E+09   8.13515617E+12  -42.3246117       2790.50000      -98727.1406       7068704.00      -70.3853149       0.00000000       49.4285812       2465.70312       123907.266       6265781.50       1.62811310E+10   4.30763284E+13  -3492.84473       247485.281      -174824.203       12426943.0       4968.54980       0.00000000    
  -2.09976196       1418.03345      -4717.87598       2410699.25       4.47013427E+09   8.79796263E+12   151.329422      -10994.2881      -101375.734       7267377.00      -70.3940659       0.00000000       49.3697510       2461.47217       123691.633       6257904.00       1.63026319E+10   4.33415845E+13  -3491.15552       247626.312      -174734.406       12439758.0       4971.73975       0.00000000    
  -6.61383677       1479.59485      -13273.6172       2580380.00       4.87142502E+09   9.70084110E+12   487.072052      -35949.3242      -106737.992       7718698.00      -71.0711212       0.00000000       50.2373695       2544.90210       129820.555       6662165.50       1.78138624E+10   4.84522978E+13  -3585.52930       256667.234      -182300.359       13094745.0       5067.60303       0.00000000    
  -7.43705320       1427.23560      -12179.5479       2413686.50       4.40921702E+09   8.47577770E+12   529.715088      -37823.5000      -101934.117       7296746.50      -70.5091171       0.00000000       49.7028465       2487.93628       125311.477       6346461.00       1.65136271E+10   4.36799223E+13  -3516.44995       249432.312      -176558.625       12560299.0       4985.28564       0.00000000    
