  0.300000012       8.69999981      0.665100873       0.00000000    
  0.349999994       11.8000002      0.664258182       4.88281250E-04
  0.399999976       6.50000000      0.662864864       3.78221041E-04
  0.449999988       12.1000004      0.660612941       8.73464043E-04
  0.500000000       13.5000000      0.656033635       1.11345260E-03
  0.550000012       15.0000000      0.619733393       9.89055820E-03
  0.599999964       20.0000000      0.399771929       5.51294163E-02
  0.649999976       26.1000004      0.107945181       5.69808669E-02
  0.699999988       28.8999996       2.12986171E-02   9.54549611E-02
  0.750000000       31.5000000       1.83910783E-02   4.89036776E-02
  0.799999952       33.0999985       1.36619862E-02   1.45310089E-02
  0.849999964       34.5999985      -1.00395083E-02   2.63903420E-02
  0.899999976       36.0000000       6.59691682E-03   3.25276032E-02
