 -0.6049295E+00  0.3660900E+00 -0.2216423E+00  0.1342432E+00  0.4930613E-01  0.1813835E-01  0.9572625E+00 -0.1514835E+01 -0.5793402E+00  0.9168146E+00 -0.1582373E+01  0.0000000E+00  0.7089330E+00  0.5031772E+00  0.3575422E+00  0.2543310E+00  0.1290821E+00  0.6576275E-01 -0.1121824E+01  0.1775214E+01 -0.7962554E+00  0.1260057E+01  0.2503951E+01  0.0000000E+00
 -0.5892756E+00  0.3474139E+00 -0.2049180E+00  0.1209262E+00  0.4217086E-01  0.1473367E-01  0.9230095E+00 -0.1445796E+01 -0.5441944E+00  0.8524493E+00 -0.1566295E+01  0.0000000E+00  0.6961266E+00  0.4852397E+00  0.3386603E+00  0.2366457E+00  0.1159440E+00  0.5704729E-01 -0.1090366E+01  0.1707903E+01 -0.7600624E+00  0.1190556E+01  0.2453306E+01  0.0000000E+00
  0.5722775E+00  0.3276916E+00  0.1877457E+00  0.1076269E+00  0.3542754E-01  0.1168732E-01 -0.8869054E+00  0.1374520E+01 -0.5078728E+00  0.7871343E+00 -0.1549698E+01  0.0000000E+00  0.6900006E+00  0.4765606E+00  0.3294582E+00  0.2279698E+00  0.1094376E+00  0.5271127E-01 -0.1069331E+01  0.1657218E+01 -0.7385757E+00  0.1144667E+01  0.2401600E+01  0.0000000E+00
 -0.5544168E+00  0.3075947E+00 -0.1707774E+00  0.9488181E-01  0.2934841E-01  0.9102563E-02  0.8495343E+00 -0.1301781E+01 -0.4713587E+00  0.7223235E+00 -0.1532222E+01  0.0000000E+00  0.6700368E+00  0.4496403E+00  0.3021807E+00  0.2033616E+00  0.9246732E-01  0.4225029E-01 -0.1026685E+01  0.1573196E+01 -0.6889952E+00  0.1055792E+01  0.2347759E+01  0.0000000E+00
 -0.5345643E+00  0.2860144E+00 -0.1531680E+00  0.8209764E-01  0.2364757E-01  0.6834594E-02  0.8081775E+00 -0.1221869E+01 -0.4324446E+00  0.6538476E+00 -0.1511747E+01  0.0000000E+00  0.1160301E+00  0.1680539E-01  0.2836959E-02  0.5364518E-03  0.2470967E-04  0.1472383E-05 -0.1754061E+00  0.2651726E+00 -0.2540511E-01  0.3840636E-01  0.2285424E+01  0.0000000E+00
  0.5114670E+00  0.2619212E+00  0.1342902E+00  0.6893360E-01  0.1822655E-01  0.4840983E-02 -0.7643592E+00  0.1142338E+01 -0.3914583E+00  0.5850812E+00 -0.1494327E+01  0.0000000E+00  0.6431661E+00  0.4142174E+00  0.2671166E+00  0.1724733E+00  0.7216783E-01  0.3033760E-01 -0.9611476E+00  0.1436367E+01 -0.6190409E+00  0.9251619E+00  0.2233050E+01  0.0000000E+00
 -0.4858616E+00  0.2364679E+00 -0.1152798E+00  0.5629105E-01  0.1348555E-01  0.3250303E-02  0.7160034E+00 -0.1055188E+01 -0.3485124E+00  0.5136620E+00 -0.1473519E+01  0.0000000E+00  0.6173736E+00  0.3820446E+00  0.2369392E+00  0.1472542E+00  0.5720672E-01  0.2238429E-01 -0.9097784E+00  0.1340704E+01 -0.5630282E+00  0.8297601E+00  0.2171315E+01  0.0000000E+00
  0.4532939E+00  0.2060865E+00  0.9396127E-01  0.4295506E-01  0.9046757E-02  0.1923812E-02 -0.6576812E+00  0.9542516E+00 -0.2990547E+00  0.4339745E+00 -0.1450665E+01  0.0000000E+00  0.5970735E+00  0.3573014E+00  0.2142788E+00  0.1287715E+00  0.4677933E-01  0.1711939E-01 -0.8662372E+00  0.1256776E+01 -0.5184221E+00  0.7522310E+00  0.2104490E+01  0.0000000E+00
 -0.4089901E+00  0.1684977E+00 -0.6985601E-01  0.2912406E-01  0.5138718E-02  0.9229231E-03  0.5830920E+00 -0.8313432E+00 -0.2402833E+00  0.3426691E+00 -0.1425314E+01  0.0000000E+00  0.5559723E+00  0.3105440E+00  0.1742027E+00  0.9810835E-01  0.3145905E-01  0.1022062E-01 -0.7925676E+00  0.1129885E+01 -0.4427671E+00  0.6313038E+00  0.2031612E+01  0.0000000E+00
 -0.5939567E-01  0.1099127E+00 -0.6940306E-02  0.1357527E-01  0.1789025E-02  0.2469807E-03  0.8288547E-01 -0.1156714E+00 -0.1535365E+00  0.2144860E+00 -0.1394953E+01  0.0000000E+00  0.4848441E+00  0.2391076E+00  0.1195584E+00  0.6047440E-01  0.1591695E-01  0.4319857E-02 -0.6766524E+00  0.9443929E+00 -0.3338428E+00  0.4661332E+00  0.1946009E+01  0.0000000E+00
 -0.2230998E-01  0.2586946E-01 -0.9486756E-03  0.1424348E-02  0.1024176E-03  0.8574671E-05  0.3030571E-01 -0.4116980E-01 -0.3519060E-01  0.4787309E-01 -0.1355307E+01  0.0000000E+00  0.2977225E+00  0.9716910E-01  0.3406074E-01  0.1263800E-01  0.1979866E-02  0.3514185E-03 -0.4039749E+00  0.5481807E+00 -0.1319874E+00  0.1792946E+00  0.1836970E+01  0.0000000E+00
  0.6019922E-03  0.5975438E-02  0.5177708E-05  0.1072269E-03  0.3179870E-05  0.1277297E-06 -0.7874099E-03  0.1029776E-02 -0.7904326E-02  0.1045650E-01 -0.1319432E+01  0.0000000E+00  0.1868185E+00  0.3920074E-01  0.9027089E-02  0.2245661E-02  0.1679131E-03  0.1537719E-04 -0.2467137E+00  0.3258314E+00 -0.5181282E-01  0.6848735E-01  0.1741022E+01  0.0000000E+00
 -0.2601243E-03  0.2669115E-02 -0.8018797E-05  0.2173908E-04  0.2990662E-06  0.5846316E-08  0.3401110E-03 -0.4446877E-03 -0.3439840E-02  0.4433434E-02 -0.1286690E+01  0.0000000E+00  0.1373620E+00  0.2132032E-01  0.3654850E-02  0.6812320E-03  0.2912454E-04  0.1558828E-05 -0.1768629E+00  0.2277397E+00 -0.2747014E-01  0.3539609E-01  0.1655681E+01  0.0000000E+00
 -0.6086512E-03  0.1611918E-02 -0.3937013E-05  0.7612871E-05  0.5822612E-07  0.6013162E-09  0.7708223E-03 -0.9762264E-03 -0.2026476E-02  0.2547812E-02 -0.1255838E+01  0.0000000E+00  0.1103738E+00  0.1376002E-01  0.1891307E-02  0.2819953E-03  0.7658700E-05  0.2582524E-06 -0.1386909E+00  0.1742864E+00 -0.1729986E-01  0.2175180E-01  0.1577243E+01  0.0000000E+00
 -0.7897224E-03  0.1085445E-02 -0.2103675E-05  0.3494660E-05  0.1859827E-07  0.1394047E-09  0.9704851E-03 -0.1192689E-02 -0.1332797E-02  0.1636612E-02 -0.1226600E+01  0.0000000E+00  0.9147027E-01  0.9472748E-02  0.1083848E-02  0.1348054E-03  0.2566536E-05  0.6163697E-07 -0.1122483E+00  0.1377563E+00 -0.1162981E-01  0.1427903E-01  0.1504663E+01  0.0000000E+00
 -0.1596853E-03  0.7941897E-03 -0.5539744E-06  0.1881088E-05  0.7380589E-08  0.4037917E-10  0.1912811E-03 -0.2291738E-03 -0.9527365E-03  0.1143010E-02 -0.1198717E+01  0.0000000E+00  0.7853755E-01  0.7021921E-02  0.6970883E-03  0.7553334E-04  0.1099849E-05  0.2016894E-07 -0.9418394E-01  0.1129559E+00 -0.8424283E-02  0.1010756E-01  0.1437037E+01  0.0000000E+00
  0.1557080E-03  0.6150276E-03  0.3471146E-06  0.1132130E-05  0.3511617E-08  0.1559336E-10 -0.1820414E-03  0.2128148E-03 -0.7217262E-03  0.8469995E-03 -0.1172547E+01  0.0000000E+00  0.6900943E-01  0.5400702E-02  0.4679181E-03  0.4413741E-04  0.4834878E-06  0.6615057E-08 -0.8094995E-01  0.9496292E-01 -0.6337587E-02  0.7437489E-02  0.1374974E+01  0.0000000E+00
  0.1161235E-03  0.4916049E-03  0.1349438E-06  0.7292537E-06  0.1836211E-08  0.6663836E-11 -0.1330281E-03  0.1523965E-03 -0.5646058E-03  0.6484916E-03 -0.1147760E+01  0.0000000E+00  0.6144691E-01  0.4299356E-02  0.3342066E-03  0.2839032E-04  0.2556999E-06  0.2939537E-08 -0.7055536E-01  0.8101913E-01 -0.4938647E-02  0.5673470E-02  0.1317438E+01  0.0000000E+00
 -0.2269199E-04  0.4128109E-03 -0.4392447E-07  0.5108586E-06  0.1056977E-08  0.3085714E-11  0.2526564E-04 -0.2815175E-04 -0.4643307E-03  0.5223269E-03 -0.1124227E+01  0.0000000E+00  0.5608730E-01  0.3571050E-02  0.2519399E-03  0.1937286E-04  0.1416524E-06  0.1301866E-08 -0.6307749E-01  0.7094342E-01 -0.4017481E-02  0.4519970E-02  0.1263988E+01  0.0000000E+00
 -0.1120492E-03  0.3494882E-03 -0.9829049E-07  0.3656986E-06  0.6393334E-09  0.1548559E-11  0.1211493E-03 -0.1309516E-03 -0.3853131E-03  0.4248432E-03 -0.1101961E+01  0.0000000E+00  0.5140741E-01  0.3011606E-02  0.1960913E-03  0.1395899E-04  0.8855380E-07  0.7235683E-09 -0.5666787E-01  0.6247090E-01 -0.3320866E-02  0.3662167E-02  0.1214409E+01  0.0000000E+00
