  0.4199566E-01  0.2345541E+00  0.1174600E-01  0.6467074E-01  0.1933142E-01  0.6119200E-02 -0.4410210E-01  0.4636515E-01 -0.2458646E+00  0.2580323E+00 -0.1035216E+01  0.0000000E+00  0.6446238E+00  0.4237787E+00  0.2826709E+00  0.1907643E+00  0.8931283E-01  0.4306715E-01 -0.6701621E+00  0.6977314E+00 -0.4421128E+00  0.4618801E+00  0.1073372E+01  0.0000000E+00
  0.6026176E-01  0.2342479E+00  0.1643732E-01  0.6439001E-01  0.1917253E-01  0.6042471E-02 -0.6309894E-01  0.6615432E-01 -0.2454181E+00  0.2574259E+00 -0.1034909E+01  0.0000000E+00  0.6441630E+00  0.4231582E+00  0.2820420E+00  0.1901684E+00  0.8885621E-01  0.4274847E-01 -0.6694767E+00  0.6967394E+00 -0.4413103E+00  0.4608308E+00  0.1072695E+01  0.0000000E+00
  0.4973437E-01  0.2325905E+00  0.1355360E-01  0.6365000E-01  0.1888039E-01  0.5928468E-02 -0.5201263E-01  0.5446042E-01 -0.2435203E+00  0.2552645E+00 -0.1034117E+01  0.0000000E+00  0.6425240E+00  0.4211797E+00  0.2801757E+00  0.1885716E+00  0.8782269E-01  0.4212224E-01 -0.6672618E+00  0.6939186E+00 -0.4389201E+00  0.4579983E+00  0.1070993E+01  0.0000000E+00
  0.4023610E-01  0.2312557E+00  0.1110681E-01  0.6294559E-01  0.1857408E-01  0.5802444E-02 -0.4217781E-01  0.4426122E-01 -0.2418710E+00  0.2532714E+00 -0.1033140E+01  0.0000000E+00  0.6411251E+00  0.4193492E+00  0.2783754E+00  0.1869854E+00  0.8675309E-01  0.4146031E-01 -0.6651663E+00  0.6910628E+00 -0.4365809E+00  0.4551085E+00  0.1069014E+01  0.0000000E+00
  0.3938666E-01  0.2307559E+00  0.1069663E-01  0.6263569E-01  0.1843107E-01  0.5742324E-02 -0.4122480E-01  0.4320326E-01 -0.2412197E+00  0.2524500E+00 -0.1032630E+01  0.0000000E+00  0.6405492E+00  0.4185802E+00  0.2776186E+00  0.1863057E+00  0.8628289E-01  0.4116178E-01 -0.6642195E+00  0.6897225E+00 -0.4355476E+00  0.4538068E+00  0.1067903E+01  0.0000000E+00
  0.4371244E-01  0.2286736E+00  0.1172045E-01  0.6172614E-01  0.1807972E-01  0.5610203E-02 -0.4566928E-01  0.4777214E-01 -0.2388428E+00  0.2497572E+00 -0.1031637E+01  0.0000000E+00  0.6385040E+00  0.4162178E+00  0.2754582E+00  0.1845070E+00  0.8515824E-01  0.4050180E-01 -0.6615236E+00  0.6863404E+00 -0.4327233E+00  0.4504686E+00  0.1065904E+01  0.0000000E+00
  0.4746898E-01  0.2273435E+00  0.1266573E-01  0.6114059E-01  0.1785793E-01  0.5527965E-02 -0.4951682E-01  0.5171710E-01 -0.2373208E+00  0.2480408E+00 -0.1030958E+01  0.0000000E+00  0.6372949E+00  0.4147694E+00  0.2741254E+00  0.1833837E+00  0.8445718E-01  0.4009248E-01 -0.6598702E+00  0.6841894E+00 -0.4309666E+00  0.4484028E+00  0.1064472E+01  0.0000000E+00
  0.2231445E-01  0.2255502E+00  0.6244028E-02  0.6032693E-01  0.1753009E-01  0.5399980E-02 -0.2338045E-01  0.2452525E-01 -0.2352674E+00  0.2456935E+00 -0.1030107E+01  0.0000000E+00  0.6360996E+00  0.4131929E+00  0.2725790E+00  0.1820276E+00  0.8355425E-01  0.3954220E-01 -0.6580946E+00  0.6817591E+00 -0.4289797E+00  0.4459466E+00  0.1062737E+01  0.0000000E+00
  0.2232968E-01  0.2241828E+00  0.6215727E-02  0.5972514E-01  0.1730096E-01  0.5314350E-02 -0.2338770E-01  0.2452192E-01 -0.2336757E+00  0.2438637E+00 -0.1029227E+01  0.0000000E+00  0.6342797E+00  0.4110757E+00  0.2706654E+00  0.1804469E+00  0.8258677E-01  0.3898335E-01 -0.6556790E+00  0.6787606E+00 -0.4264728E+00  0.4430281E+00  0.1060941E+01  0.0000000E+00
  0.5622570E-01  0.2231206E+00  0.1488707E-01  0.5926842E-01  0.1712923E-01  0.5251825E-02 -0.5861001E-01  0.6116568E-01 -0.2324544E+00  0.2424624E+00 -0.1028582E+01  0.0000000E+00  0.6331941E+00  0.4098581E+00  0.2695753E+00  0.1795470E+00  0.8203275E-01  0.3866239E-01 -0.6542061E+00  0.6768327E+00 -0.4249785E+00  0.4412379E+00  0.1059620E+01  0.0000000E+00
  0.4747228E-01  0.2212702E+00  0.1253559E-01  0.5842525E-01  0.1679903E-01  0.5126717E-02 -0.4946405E-01  0.5159761E-01 -0.2303363E+00  0.2400678E+00 -0.1027698E+01  0.0000000E+00  0.6316075E+00  0.4078625E+00  0.2676853E+00  0.1779411E+00  0.8101787E-01  0.3806916E-01 -0.6520069E+00  0.6739992E+00 -0.4225754E+00  0.4383814E+00  0.1057795E+01  0.0000000E+00
