  0.6044270E+00  0.3657321E+00  0.2215374E+00  0.1343350E+00  0.4954614E-01  0.1834748E-01 -0.9565241E+00  0.1513775E+01 -0.5788358E+00  0.9161454E+00 -0.1582370E+01  0.0000000E+00  0.7285372E+00  0.5312282E+00  0.3876819E+00  0.2831583E+00  0.1514139E+00  0.8121199E-01 -0.7378456E+04  0.7473026E+08 -0.5380481E+04  0.5449837E+08  0.1025638E+09  0.0000000E+00
 -0.5892301E+00  0.3476322E+00 -0.2053463E+00  0.1214450E+00  0.4262841E-01  0.1503118E-01  0.9230910E+00 -0.1446168E+01 -0.5446604E+00  0.8533884E+00 -0.1566425E+01  0.0000000E+00  0.7108531E+00  0.5060219E+00  0.3606910E+00  0.2574290E+00  0.1316069E+00  0.6758724E-01 -0.7126902E+04  0.7145608E+08 -0.5073584E+04  0.5087196E+08  0.1005084E+09  0.0000000E+00
  0.5718508E+00  0.3275051E+00  0.1878446E+00  0.1078953E+00  0.3574612E-01  0.1190701E-01 -0.8862594E+00  0.1373608E+01 -0.5076355E+00  0.7868776E+00 -0.1549632E+01  0.0000000E+00  0.7049093E+00  0.4974340E+00  0.3513820E+00  0.2484615E+00  0.1245899E+00  0.6270664E-01 -0.6991578E+04  0.6934791E+08 -0.4934062E+04  0.4894342E+08  0.9836330E+08  0.0000000E+00
  0.5538850E+00  0.3073685E+00  0.1708805E+00  0.9516948E-01  0.2967016E-01  0.9310309E-02 -0.8487990E+00  0.1300810E+01 -0.4710941E+00  0.7220628E+00 -0.1532227E+01  0.0000000E+00  0.6914287E+00  0.4786564E+00  0.3317533E+00  0.2302049E+00  0.1112097E+00  0.5395184E-01 -0.6780907E+04  0.6650425E+08 -0.4694663E+04  0.4604702E+08  0.9616806E+08  0.0000000E+00
  0.5337144E+00  0.2855267E+00  0.1530999E+00  0.8227464E-01  0.2391093E-01  0.7005048E-02 -0.8081266E+00  0.1223700E+01 -0.4324053E+00  0.6548838E+00 -0.1513903E+01  0.0000000E+00  0.6775634E+00  0.4597372E+00  0.3123657E+00  0.2125117E+00  0.9873253E-01  0.4609016E-01 -0.6565528E+04  0.6362338E+08 -0.4455320E+04  0.4317868E+08  0.9388075E+08  0.0000000E+00
  0.5108634E+00  0.2618245E+00  0.1346038E+00  0.6940287E-01  0.1860546E-01  0.5040045E-02 -0.7635651E+00  0.1141348E+01 -0.3914262E+00  0.5852130E+00 -0.1494313E+01  0.0000000E+00  0.6598681E+00  0.4361645E+00  0.2887699E+00  0.1914890E+00  0.8458421E-01  0.3757638E-01 -0.6311553E+04  0.6037359E+08 -0.4172402E+04  0.3991629E+08  0.9146951E+08  0.0000000E+00
  0.4839936E+00  0.2354144E+00  0.1150284E+00  0.5644342E-01  0.1374930E-01  0.3396895E-02 -0.7134132E+00  0.1051663E+01 -0.3471053E+00  0.5118192E+00 -0.1473591E+01  0.0000000E+00  0.6402943E+00  0.4108536E+00  0.2641701E+00  0.1701908E+00  0.7103349E-01  0.2985643E-01 -0.6039588E+04  0.5697274E+08 -0.3876011E+04  0.3656918E+08  0.8894976E+08  0.0000000E+00
  0.4522155E+00  0.2061076E+00  0.9458744E-01  0.4367822E-01  0.9469589E-02  0.2093748E-02 -0.6563225E+00  0.9526355E+00 -0.2992527E+00  0.4345235E+00 -0.1450755E+01  0.0000000E+00  0.6166819E+00  0.3814218E+00  0.2365680E+00  0.1471174E+00  0.5732125E-01  0.2254152E-01 -0.5727119E+04  0.5319255E+08 -0.3543076E+04  0.3291456E+08  0.8621574E+08  0.0000000E+00
 -0.9885374E-01  0.1710982E+00 -0.1755198E-01  0.3085450E-01  0.5772979E-02  0.1112907E-02  0.1410339E+00 -0.2012367E+00 -0.2442338E+00  0.3486635E+00 -0.1425720E+01  0.0000000E+00  0.5793830E+00  0.3376597E+00  0.1978262E+00  0.1164584E+00  0.4088029E-01  0.1457007E-01 -0.5288562E+04  0.4827838E+08 -0.3083209E+04  0.2815581E+08  0.8326744E+08  0.0000000E+00
 -0.1933900E-02  0.1185010E+00  0.8783253E-04  0.1656555E-01  0.2505891E-02  0.4004205E-03  0.2567527E-02 -0.3399820E-02 -0.1658613E+00  0.2321781E+00 -0.1395856E+01  0.0000000E+00  0.5181922E+00  0.2736857E+00  0.1466704E+00  0.7953405E-01  0.2405963E-01  0.7501984E-02 -0.4633338E+04  0.4143348E+08 -0.2448912E+04  0.2191548E+08  0.7981852E+08  0.0000000E+00
 -0.1254584E-03  0.5560331E-01 -0.1392975E-03  0.5011132E-02  0.5395824E-03  0.6470666E-04  0.2043551E-03 -0.3245492E-03 -0.7597400E-01  0.1038239E+00 -0.1359132E+01  0.0000000E+00  0.4060237E+00  0.1745276E+00  0.7827652E-01  0.3628159E-01  0.8391703E-02  0.2086384E-02 -0.3537907E+04  0.3083250E+08 -0.1522988E+04  0.1329230E+08  0.7567538E+08  0.0000000E+00
  0.6546951E-04  0.1962239E-01  0.8579026E-04  0.9385656E-03  0.6338854E-04  0.5237761E-05 -0.1077584E-03  0.1702828E-03 -0.2609947E-01  0.3472055E-01 -0.1322091E+01  0.0000000E+00  0.2938416E+00  0.9471019E-01  0.3279550E-01  0.1202924E-01  0.1850884E-02  0.3260962E-03 -0.2490889E+04  0.2111876E+08 -0.8042230E+03  0.6830158E+07  0.7160714E+08  0.0000000E+00
 -0.1103019E-02  0.8181923E-02 -0.5070646E-04  0.1983377E-03  0.7850973E-05  0.4206415E-06  0.1446749E-02 -0.1898275E-02 -0.1059118E-01  0.1371240E-01 -0.1288051E+01  0.0000000E+00  0.2207719E+00  0.5443529E-01  0.1466039E-01  0.4249200E-02  0.4272706E-03  0.5202888E-04 -0.1823057E+04  0.1505678E+08 -0.4502378E+03  0.3724690E+07  0.6796805E+08  0.0000000E+00
 -0.2702068E-03  0.4373904E-02  0.5902052E-05  0.5620077E-04  0.1187258E-05  0.3489890E-07  0.3258014E-03 -0.3920073E-03 -0.5512598E-02  0.6949018E-02 -0.1256346E+01  0.0000000E+00  0.1746307E+00  0.3425064E-01  0.7371527E-02  0.1713981E-02  0.1120444E-03  0.8995416E-05 -0.1406108E+04  0.1132387E+08 -0.2761576E+03  0.2226998E+07  0.6466330E+08  0.0000000E+00
 -0.6282686E-04  0.2892616E-02 -0.3001832E-05  0.2518716E-04  0.3698731E-06  0.7776339E-08  0.8430267E-04 -0.1124245E-03 -0.3559689E-02  0.4381386E-02 -0.1227160E+01  0.0000000E+00  0.1474147E+00  0.2450390E-01  0.4482626E-02  0.8876862E-03  0.4221365E-04  0.2466617E-05 -0.1159233E+04  0.9117427E+07 -0.1929258E+03  0.1519233E+07  0.6169310E+08  0.0000000E+00
 -0.1304881E-03  0.2073667E-02 -0.2239634E-05  0.1293202E-04  0.1340203E-06  0.1940610E-08  0.1575952E-03 -0.1902503E-03 -0.2493314E-02  0.2998449E-02 -0.1199363E+01  0.0000000E+00  0.1270354E+00  0.1827591E-01  0.2906150E-02  0.5025109E-03  0.1848145E-04  0.8506083E-06 -0.9762888E+03  0.7504340E+07 -0.1406214E+03  0.1082186E+07  0.5893134E+08  0.0000000E+00
 -0.1850152E-03  0.1604636E-02 -0.3965494E-06  0.7749086E-05  0.6296625E-07  0.7313112E-09  0.2197447E-03 -0.2610006E-03 -0.1885532E-02  0.2216005E-02 -0.1172631E+01  0.0000000E+00  0.1111086E+00  0.1402777E-01  0.1963121E-02  0.2994117E-03  0.8606587E-05  0.3108570E-06 -0.8347721E+03  0.6273043E+07 -0.1055090E+03  0.7937354E+06  0.5633344E+08  0.0000000E+00
  0.7871183E-04  0.1281779E-02  0.2994399E-06  0.4880912E-05  0.3102556E-07  0.2777010E-09 -0.8905044E-04  0.1007729E-03 -0.1473894E-02  0.1695125E-02 -0.1147708E+01  0.0000000E+00  0.9906635E-01  0.1114899E-01  0.1390920E-02  0.1891821E-03  0.4333830E-05  0.1255961E-06 -0.7284084E+03  0.5356754E+07 -0.8205679E+02  0.6040520E+06  0.5396480E+08  0.0000000E+00
 -0.1304687E-03  0.1082326E-02 -0.1305891E-06  0.3492789E-05  0.1895367E-07  0.1461709E-09  0.1480081E-03 -0.1679037E-03 -0.1219028E-02  0.1373269E-02 -0.1124300E+01  0.0000000E+00  0.8958530E-01  0.9107154E-02  0.1024918E-02  0.1255886E-03  0.2328058E-05  0.5432119E-07 -0.6451600E+03  0.4647154E+07 -0.6564028E+02  0.4732000E+06  0.5178592E+08  0.0000000E+00
 -0.1841222E-03  0.9006503E-03 -0.1686797E-06  0.2431996E-05  0.1098596E-07  0.6988932E-10  0.2040490E-03 -0.2262019E-03 -0.9940161E-03  0.1097283E-02 -0.1101922E+01  0.0000000E+00  0.8270805E-01  0.7786565E-02  0.8148514E-03  0.9323478E-04  0.1522471E-05  0.3154648E-07 -0.5837937E+03  0.4121590E+07 -0.5501092E+02  0.3887171E+06  0.4974544E+08  0.0000000E+00
      
