  0.560200036      0.421487719      0.108581454      0.569327831       4.69702706E-02  0.621238947       1.48464805E-02  0.266098887       4.71120253E-02  -5.68259954E-02   2.89188642E-02   2.55609099E-02   1.28463823E-02  -2.79959440E-02   1.11605525E-02  0.185664922       1.61989424E-02
  0.560400009      0.184431076       5.79159008E-03  0.956595302      0.459951729      0.550365388       1.35173239E-02  0.757920384      0.315554768      -7.02069998E-02   8.58569611E-03   2.81248726E-02   3.99672519E-03  -3.69412005E-02   5.46869542E-03  0.175975516       4.30722088E-02
  0.560599983      0.222389907      0.151277632      0.641427279       3.06622554E-02  0.562165618       3.07960920E-02  0.656011164      0.391995579      -8.43977332E-02   7.78048634E-05   4.87665236E-02   2.32765805E-02  -5.15205562E-02   1.17161572E-02  0.158034474       6.16074987E-02
  0.560800016      0.199952424      0.109590061       1.06246150      0.211358398      0.549146175       8.98855366E-03  0.560516655       6.14383668E-02  -3.60024869E-02   8.65761340E-02   2.64012329E-02   7.27124140E-03  -3.98626029E-02   1.50013883E-02  0.132525712       1.22122178E-02
  0.560999990      0.266598016       6.03442341E-02   1.16327798      0.412006974      0.600677848       1.76204592E-02  0.456100702      0.158908173     -0.133493513       1.40295252E-02   2.75005177E-02   8.22304655E-03  -4.15493846E-02   1.74381328E-03  0.202761412       1.93494931E-02
  0.561200023      0.258671045      0.113816507      0.854191065      0.405931711      0.586403131       8.27921147E-04  0.358677506       6.23873668E-03  -6.13689125E-02   4.68191206E-02   4.70581502E-02   2.90920325E-02  -5.70729673E-02   9.55799595E-03  0.139615357       8.64439737E-03
  0.561399996      0.155651808       9.60229486E-02  0.829247773      0.458325386      0.487709939       3.42580713E-02  0.577838540      0.295019120       1.32335424E-02  0.143766969       1.87130291E-02   1.03696929E-02  -8.31883103E-02   5.67325540E-02  0.102038935       2.27695089E-02
  0.561600029      0.220568448      0.112767547      0.517074227      0.141244158      0.519041777       1.99912265E-02  0.554756641      0.180923775      -9.84138697E-02   9.14570596E-03   1.96234137E-02   7.17699388E-03  -1.60247535E-02   6.70729671E-03   9.64268669E-02   3.21005769E-02
  0.561800003      0.322582155      0.312399477      0.569511950      0.432291925      0.604983091       1.10808648E-02  0.278582335      0.126253545      -9.29118693E-02   7.84800947E-02   7.70046264E-02   4.68231700E-02  -3.09293568E-02   1.56462491E-02  0.127055600       3.52831781E-02
  0.562000036      0.309251577       1.35854986E-02  0.849609673      0.231597587      0.530069232       4.71289419E-02  0.726059735      0.186781615      -7.38502741E-02   5.82405888E-02   3.67490873E-02   1.24188876E-02  -6.83704615E-02   1.02236848E-02  0.168334723       1.72864776E-02
