  0.6277586             1.7520386E-03
  0.6245757             4.7872732E-03
  0.6267107             2.9751118E-03
  0.6233497             2.5605685E-03
  0.6268401             3.6498820E-03
  0.6262074             3.0590734E-03
  0.6247886             2.6464213E-03
  0.6236593             3.0541983E-03
  0.6230240             2.6464213E-03
  0.6229069             4.7466364E-03
  0.6211981             4.4685071E-03
  0.6242230             3.4912962E-03
  0.6183426             3.6945180E-03
  0.6208169             2.2040368E-03
  0.6228253             2.5430501E-03
  0.6196366             4.0190620E-03
  0.6161259             3.2018742E-03
  0.6203831             1.3372133E-03
  0.6191269             3.0977973E-03
  0.6193509             1.6009371E-03
