  0.6280248             7.3242188E-04
  0.6272573             1.0641844E-03
  0.6273730             1.8911052E-03
  0.6256672             2.6632599E-03
  0.6260027             3.3385728E-03
  0.6258304             2.7621358E-03
  0.6238201             2.6744267E-03
  0.6251262             2.4352951E-03
  0.6249322             2.3858424E-03
  0.6236524             2.7836314E-03
  0.6220602             1.1053937E-03
  0.6222373             2.1213559E-03
  0.6232034             7.9110602E-04
  0.6199428             2.3225462E-03
  0.6200409             2.3544070E-03
  0.6205092             1.7002427E-03
  0.6216412             2.4596485E-03
  0.6191394             1.4443555E-03
  0.6186464             7.5249193E-04
  0.6194785             1.8832091E-03
