  0.6353112             3.3696713E-03
  0.6308703             4.9825027E-03
  0.6371366             2.0859384E-03
  0.6339074             5.7437941E-03
  0.6347991             5.8108545E-03
  0.6335266             5.3125136E-03
  0.6362531             3.2618137E-03
  0.6332669             7.2588227E-03
  0.6316981             3.0346198E-03
  0.6319992             2.3417147E-03
  0.6326349             4.1718767E-03
  0.6324621             3.2936372E-03
  0.6310109             3.5964160E-03
  0.6274146             7.2176494E-03
  0.6279176             5.4454855E-03
  0.6243092             6.4547383E-03
  0.6302876             3.9818133E-03
  0.6335158             2.1836602E-03
  0.6219230             8.0788052E-03
  0.6233332             3.2342875E-03
