  0.6277585             1.7940599E-03
  0.6245757             4.7903848E-03
  0.6267107             2.9650775E-03
  0.6233497             2.5547424E-03
  0.6268401             3.6621094E-03
  0.6262076             3.0099677E-03
  0.6247885             2.6520460E-03
  0.6236593             3.0493154E-03
  0.6230240             2.6464213E-03
  0.6229069             4.7466364E-03
  0.6211981             4.4851499E-03
  0.6242230             3.4912962E-03
  0.6183426             3.6945180E-03
  0.6208170             2.1836602E-03
  0.6228253             2.5254101E-03
  0.6196365             4.0301695E-03
  0.6161259             3.2250597E-03
  0.6203831             1.3260230E-03
  0.6191268             3.1121946E-03
  0.6193509             1.6194457E-03
