  0.6280248             7.1178610E-04
  0.6272575             9.4555260E-04
  0.6273730             1.8512879E-03
  0.6256672             2.6688490E-03
  0.6260026             3.3785040E-03
  0.6258305             2.7459038E-03
  0.6238201             2.6910899E-03
  0.6251262             2.4475022E-03
  0.6249324             2.3480693E-03
  0.6236525             2.7675254E-03
  0.6220603             1.0641844E-03
  0.6222373             2.1143199E-03
  0.6232035             7.9110602E-04
  0.6199428             2.3289532E-03
  0.6200408             2.3670313E-03
  0.6205093             1.6737438E-03
  0.6216410             2.4717355E-03
  0.6191394             1.4443555E-03
  0.6186463             8.4572792E-04
  0.6194786             1.8593196E-03
