  0.1689181E+02  0.3926616E+05  0.7661673E+06  0.1781919E+10  0.8718159E+14  0.4503479E+19 -0.7123594E+04  0.3007103E+07 -0.1653731E+08  0.6973034E+10 -0.4163982E+03  0.0000000E+00  0.2619525E+03  0.6976543E+05  0.1881740E+08  0.5128101E+10  0.3905021E+15  0.3055473E+20 -0.1094885E+06  0.4582546E+08 -0.2925252E+08  0.1228144E+11  0.1736437E+06  0.0000000E+00
  0.3144104E+02  0.3916104E+05  0.1389213E+07  0.1768497E+10  0.8604116E+14  0.4417040E+19 -0.1320833E+05  0.5555906E+07 -0.1648053E+08  0.6943669E+10 -0.4161629E+03  0.0000000E+00  0.2615493E+03  0.6958570E+05  0.1875423E+08  0.5107399E+10  0.3884291E+15  0.3035026E+20 -0.1092622E+06  0.4570542E+08 -0.2916194E+08  0.1223648E+11  0.1734450E+06  0.0000000E+00
  0.1388068E+02  0.3876089E+05  0.6789732E+06  0.1738484E+10  0.8407473E+14  0.4291491E+19 -0.5884379E+04  0.2496664E+07 -0.1628996E+08  0.6854067E+10 -0.4155533E+03  0.0000000E+00  0.2602285E+03  0.6892273E+05  0.1849710E+08  0.5017032E+10  0.3786279E+15  0.2937055E+20 -0.1085552E+06  0.4534489E+08 -0.2884346E+08  0.1208578E+11  0.1729352E+06  0.0000000E+00
  0.3534190E+02  0.3822306E+05  0.1563284E+07  0.1696430E+10  0.8133395E+14  0.4121743E+19 -0.1483193E+05  0.6231930E+07 -0.1603826E+08  0.6737364E+10 -0.4148538E+03  0.0000000E+00  0.2593122E+03  0.6845423E+05  0.1831629E+08  0.4954589E+10  0.3721792E+15  0.2875788E+20 -0.1079929E+06  0.4503442E+08 -0.2860039E+08  0.1196421E+11  0.1723527E+06  0.0000000E+00
  0.1317100E+02  0.3797379E+05  0.6290815E+06  0.1679233E+10  0.8023386E+14  0.4051018E+19 -0.5568937E+04  0.2357164E+07 -0.1592481E+08  0.6685984E+10 -0.4144738E+03  0.0000000E+00  0.2586231E+03  0.6815261E+05  0.1821140E+08  0.4920558E+10  0.3688467E+15  0.2843919E+20 -0.1076264E+06  0.4484921E+08 -0.2845609E+08  0.1189626E+11  0.1720432E+06  0.0000000E+00
  0.2101115E+02  0.3715709E+05  0.9337393E+06  0.1621493E+10  0.7658630E+14  0.3825036E+19 -0.8825331E+04  0.3710948E+07 -0.1554805E+08  0.6513376E+10 -0.4134316E+03  0.0000000E+00  0.2565496E+03  0.6715795E+05  0.1784335E+08  0.4796696E+10  0.3563866E+15  0.2726635E+20 -0.1065097E+06  0.4427851E+08 -0.2797685E+08  0.1166934E+11  0.1711790E+06  0.0000000E+00
  0.4004314E+02  0.3685823E+05  0.1691454E+07  0.1599799E+10  0.7523441E+14  0.3744851E+19 -0.1669149E+05  0.6966305E+07 -0.1540705E+08  0.6447758E+10 -0.4129227E+03  0.0000000E+00  0.2560984E+03  0.6692854E+05  0.1775446E+08  0.4765840E+10  0.3531291E+15  0.2695137E+20 -0.1061997E+06  0.4409986E+08 -0.2785069E+08  0.1160411E+11  0.1707637E+06  0.0000000E+00
  0.3273878E+02  0.3639264E+05  0.1389533E+07  0.1570023E+10  0.7357159E+14  0.3654274E+19 -0.1366131E+05  0.5707350E+07 -0.1519698E+08  0.6353470E+10 -0.4123782E+03  0.0000000E+00  0.2549054E+03  0.6636537E+05  0.1754850E+08  0.4697210E+10  0.3463874E+15  0.2633381E+20 -0.1055703E+06  0.4378398E+08 -0.2758302E+08  0.1147905E+11  0.1703128E+06  0.0000000E+00
  0.2043315E+02  0.3552177E+05  0.8698539E+06  0.1505272E+10  0.6946007E+14  0.3402462E+19 -0.8523867E+04  0.3559990E+07 -0.1479961E+08  0.6173485E+10 -0.4113091E+03  0.0000000E+00  0.2529379E+03  0.6542721E+05  0.1720081E+08  0.4579938E+10  0.3345196E+15  0.2521092E+20 -0.1045026E+06  0.4323648E+08 -0.2713028E+08  0.1126472E+11  0.1694353E+06  0.0000000E+00
  0.3855745E+01  0.3526851E+05  0.1788005E+06  0.1489235E+10  0.6852200E+14  0.3347121E+19 -0.1624689E+04  0.6847430E+06 -0.1468628E+08  0.6122904E+10 -0.4109761E+03  0.0000000E+00  0.2525248E+03  0.6521663E+05  0.1712119E+08  0.4552804E+10  0.3317897E+15  0.2495651E+20 -0.1042537E+06  0.4310205E+08 -0.2702422E+08  0.1121293E+11  0.1691642E+06  0.0000000E+00
  0.7622377E+01  0.3507830E+05  0.3369543E+06  0.1476006E+10  0.6778569E+14  0.3308489E+19 -0.3171916E+04  0.1321003E+07 -0.1459720E+08  0.6081805E+10 -0.4106779E+03  0.0000000E+00  0.2518844E+03  0.6487826E+05  0.1699076E+08  0.4508405E+10  0.3273721E+15  0.2455201E+20 -0.1039129E+06  0.4292987E+08 -0.2686482E+08  0.1113910E+11  0.1689190E+06  0.0000000E+00
  0.2089080E+02  0.3442690E+05  0.8557019E+06  0.1430760E+10  0.6497509E+14  0.3137467E+19 -0.8670358E+04  0.3602897E+07 -0.1429812E+08  0.5945463E+10 -0.4096906E+03  0.0000000E+00  0.2499415E+03  0.6403761E+05  0.1669977E+08  0.4415011E+10  0.3185260E+15  0.2375167E+20 -0.1028936E+06  0.4241931E+08 -0.2646432E+08  0.1095137E+11  0.1681166E+06  0.0000000E+00
  0.1901927E+02  0.3391228E+05  0.7876898E+06  0.1394806E+10  0.6273654E+14  0.3003128E+19 -0.7888727E+04  0.3276164E+07 -0.1406616E+08  0.5841409E+10 -0.4091504E+03  0.0000000E+00  0.2489754E+03  0.6354138E+05  0.1650798E+08  0.4348336E+10  0.3114998E+15  0.2306736E+20 -0.1023553E+06  0.4213959E+08 -0.2622294E+08  0.1083636E+11  0.1676679E+06  0.0000000E+00
  0.6279215E+01  0.3343173E+05  0.2563578E+06  0.1365976E+10  0.6124407E+14  0.2926290E+19 -0.2597854E+04  0.1076012E+07 -0.1384928E+08  0.5744330E+10 -0.4083894E+03  0.0000000E+00  0.2474051E+03  0.6284554E+05  0.1626566E+08  0.4271103E+10  0.3044892E+15  0.2247073E+20 -0.1015457E+06  0.4174036E+08 -0.2589855E+08  0.1068739E+11  0.1670544E+06  0.0000000E+00
  0.2067125E+02  0.3285981E+05  0.8616132E+06  0.1328515E+10  0.5901378E+14  0.2795194E+19 -0.8596324E+04  0.3579545E+07 -0.1359092E+08  0.5628326E+10 -0.4076269E+03  0.0000000E+00  0.2463255E+03  0.6232589E+05  0.1607502E+08  0.4207729E+10  0.2982876E+15  0.2190181E+20 -0.1009212E+06  0.4140978E+08 -0.2563997E+08  0.1056243E+11  0.1664314E+06  0.0000000E+00
  0.1166836E+02  0.3266293E+05  0.4776722E+06  0.1317447E+10  0.5846941E+14  0.2770095E+19 -0.4830258E+04  0.2001734E+07 -0.1350166E+08  0.5588131E+10 -0.4072405E+03  0.0000000E+00  0.2458275E+03  0.6209478E+05  0.1599570E+08  0.4183660E+10  0.2963773E+15  0.2176518E+20 -0.1006369E+06  0.4126138E+08 -0.2552771E+08  0.1050949E+11  0.1661219E+06  0.0000000E+00
  0.1233204E+02  0.3210472E+05  0.5015178E+06  0.1282534E+10  0.5652385E+14  0.2663223E+19 -0.5104059E+04  0.2114302E+07 -0.1325006E+08  0.5475684E+10 -0.4063676E+03  0.0000000E+00  0.2440513E+03  0.6132399E+05  0.1572933E+08  0.4098321E+10  0.2884006E+15  0.2105439E+20 -0.9972188E+05  0.4081048E+08 -0.2516741E+08  0.1034359E+11  0.1654201E+06  0.0000000E+00
  0.1833395E+02  0.3131076E+05  0.7193127E+06  0.1235533E+10  0.5400113E+14  0.2527971E+19 -0.7560146E+04  0.3121141E+07 -0.1290290E+08  0.5324292E+10 -0.4055021E+03  0.0000000E+00  0.2418599E+03  0.6033884E+05  0.1538628E+08  0.3989294E+10  0.2785226E+15  0.2020883E+20 -0.9863679E+05  0.4029079E+08 -0.2472031E+08  0.1014251E+11  0.1647203E+06  0.0000000E+00
  0.1570701E+02  0.3065540E+05  0.5954842E+06  0.1194841E+10  0.5172319E+14  0.2402139E+19 -0.6444004E+04  0.2647143E+07 -0.1260988E+08  0.5193951E+10 -0.4046129E+03  0.0000000E+00  0.2402837E+03  0.5964262E+05  0.1514405E+08  0.3911859E+10  0.2713460E+15  0.1957760E+20 -0.9779321E+05  0.3986485E+08 -0.2438764E+08  0.9986593E+10  0.1640013E+06  0.0000000E+00
  0.1711937E+02  0.3027825E+05  0.6619524E+06  0.1169275E+10  0.5015456E+14  0.2308179E+19 -0.7038538E+04  0.2898136E+07 -0.1243854E+08  0.5116649E+10 -0.4040308E+03  0.0000000E+00  0.2393442E+03  0.5918142E+05  0.1497186E+08  0.3853865E+10  0.2655521E+15  0.1903837E+20 -0.9727550E+05  0.3959842E+08 -0.2416543E+08  0.9882077E+10  0.1635320E+06  0.0000000E+00
  0.6341174E+01  0.2996054E+05  0.2708673E+06  0.1153323E+10  0.4938709E+14  0.2270284E+19 -0.2639942E+04  0.1100083E+07 -0.1230132E+08  0.5057657E+10 -0.4035363E+03  0.0000000E+00  0.2381519E+03  0.5868992E+05  0.1481336E+08  0.3806718E+10  0.2617483E+15  0.1874606E+20 -0.9670312E+05  0.3933234E+08 -0.2394833E+08  0.9787076E+10  0.1631422E+06  0.0000000E+00
  0.8755515E+01  0.2937105E+05  0.3508924E+06  0.1115827E+10  0.4733965E+14  0.2160643E+19 -0.3613609E+04  0.1493127E+07 -0.1203625E+08  0.4939305E+10 -0.4026305E+03  0.0000000E+00  0.2365004E+03  0.5796516E+05  0.1456250E+08  0.3727147E+10  0.2545432E+15  0.1812671E+20 -0.9582944E+05  0.3889531E+08 -0.2360526E+08  0.9627672E+10  0.1624118E+06  0.0000000E+00
  0.1235013E+02  0.2887732E+05  0.4536490E+06  0.1088729E+10  0.4593894E+14  0.2088186E+19 -0.5051082E+04  0.2068534E+07 -0.1181879E+08  0.4843885E+10 -0.4019928E+03  0.0000000E+00  0.2350894E+03  0.5732516E+05  0.1433831E+08  0.3655463E+10  0.2479539E+15  0.1755414E+20 -0.9511510E+05  0.3854766E+08 -0.2331135E+08  0.9494168E+10  0.1619010E+06  0.0000000E+00
  0.1449495E+02  0.2808575E+05  0.5986315E+06  0.1042366E+10  0.4347531E+14  0.1957788E+19 -0.6001125E+04  0.2486936E+07 -0.1147409E+08  0.4694283E+10 -0.4010706E+03  0.0000000E+00  0.2328280E+03  0.5635978E+05  0.1401396E+08  0.3555183E+10  0.2392297E+15  0.1682849E+20 -0.9400086E+05  0.3801602E+08 -0.2287352E+08  0.9297727E+10  0.1611592E+06  0.0000000E+00
 -0.3046063E+01  0.2788120E+05 -0.8559868E+05  0.1032986E+10  0.4307734E+14  0.1940724E+19  0.1215098E+04 -0.4852033E+06 -0.1138446E+08  0.4655145E+10 -0.4006183E+03  0.0000000E+00  0.2320876E+03  0.5604584E+05  0.1390893E+08  0.3522714E+10  0.2363968E+15  0.1659075E+20 -0.9361974E+05  0.3783002E+08 -0.2272961E+08  0.9232820E+10  0.1608049E+06  0.0000000E+00
  0.1105189E+02  0.2700497E+05  0.4123143E+06  0.9823556E+09  0.4033738E+14  0.1791036E+19 -0.4507827E+04  0.1841340E+07 -0.1100426E+08  0.4490676E+10 -0.3995805E+03  0.0000000E+00  0.2297212E+03  0.5502368E+05  0.1356412E+08  0.3416055E+10  0.2271466E+15  0.1582436E+20 -0.9244291E+05  0.3726600E+08 -0.2226563E+08  0.9024559E+10  0.1599801E+06  0.0000000E+00
  0.5579390E+01  0.2617204E+05  0.1968423E+06  0.9341386E+09  0.3779939E+14  0.1658413E+19 -0.2259885E+04  0.9166559E+06 -0.1063419E+08  0.4327170E+10 -0.3982832E+03  0.0000000E+00  0.2274269E+03  0.5400226E+05  0.1321153E+08  0.3304754E+10  0.2171421E+15  0.1497025E+20 -0.9123190E+05  0.3666210E+08 -0.2178558E+08  0.8803104E+10  0.1589380E+06  0.0000000E+00
  0.1634454E+02  0.2641064E+05  0.6283491E+06  0.9496804E+09  0.3864931E+14  0.1704035E+19 -0.6713042E+04  0.2760168E+07 -0.1073571E+08  0.4370443E+10 -0.3983507E+03  0.0000000E+00  0.2277256E+03  0.5412527E+05  0.1325313E+08  0.3318065E+10  0.2184156E+15  0.1508730E+20 -0.9137356E+05  0.3672884E+08 -0.2184177E+08  0.8828678E+10  0.1589990E+06  0.0000000E+00
  0.1001142E+02  0.2566906E+05  0.3704277E+06  0.9072035E+09  0.3646663E+14  0.1592895E+19 -0.4064652E+04  0.1652207E+07 -0.1041321E+08  0.4230823E+10 -0.3973161E+03  0.0000000E+00  0.2251996E+03  0.5309214E+05  0.1291710E+08  0.3216478E+10  0.2098494E+15  0.1438931E+20 -0.9015253E+05  0.3615627E+08 -0.2138054E+08  0.8624583E+10  0.1581818E+06  0.0000000E+00
  0.6451850E+01  0.2526608E+05  0.2460781E+06  0.8866991E+09  0.3543512E+14  0.1538716E+19 -0.2646051E+04  0.1086009E+07 -0.1023817E+08  0.4154985E+10 -0.3967849E+03  0.0000000E+00  0.2242405E+03  0.5265202E+05  0.1276334E+08  0.3168190E+10  0.2056544E+15  0.1404963E+20 -0.8964959E+05  0.3590691E+08 -0.2117604E+08  0.8531148E+10  0.1577575E+06  0.0000000E+00
   965.5000    
