  0.1422001E+03  0.5654495E+05  0.8248498E+07  0.3339050E+10  0.2037540E+15  0.1277821E+20 -0.6272948E+05  0.2769129E+08 -0.2498855E+08  0.1105034E+11 -0.4402222E+03  0.0000000E+00  0.2943810E+03  0.8700394E+05  0.2580767E+08  0.7681127E+10  0.6867578E+15  0.6209442E+20 -0.1297452E+06  0.5722395E+08 -0.3838879E+08  0.1694998E+11  0.1939350E+06  0.0000000E+00
  0.1299064E+03  0.5630589E+05  0.7525351E+07  0.3312592E+10  0.2014389E+15  0.1259111E+20 -0.5726544E+05  0.2526152E+08 -0.2486805E+08  0.1099062E+11 -0.4399239E+03  0.0000000E+00  0.2938790E+03  0.8671757E+05  0.2568411E+08  0.7633380E+10  0.6806561E+15  0.6138777E+20 -0.1294389E+06  0.5705233E+08 -0.3823822E+08  0.1687299E+11  0.1936752E+06  0.0000000E+00
  0.6862540E+02  0.5617244E+05  0.3955213E+07  0.3297292E+10  0.2000993E+15  0.1248396E+20 -0.3023317E+05  0.1332813E+08 -0.2479228E+08  0.1094948E+11 -0.4396546E+03  0.0000000E+00  0.2932977E+03  0.8638470E+05  0.2554007E+08  0.7577729E+10  0.6734802E+15  0.6055019E+20 -0.1291017E+06  0.5686642E+08 -0.3806695E+08  0.1678618E+11  0.1934308E+06  0.0000000E+00
  0.1509411E+03  0.5591214E+05  0.8678724E+07  0.3266032E+10  0.1971488E+15  0.1222954E+20 -0.6643155E+05  0.2925676E+08 -0.2464699E+08  0.1087173E+11 -0.4391246E+03  0.0000000E+00  0.2930839E+03  0.8625176E+05  0.2547833E+08  0.7552225E+10  0.6698838E+15  0.6010269E+20 -0.1288516E+06  0.5668744E+08 -0.3796198E+08  0.1671944E+11  0.1929677E+06  0.0000000E+00
  0.3882980E+02  0.5544315E+05  0.2268915E+07  0.3214838E+10  0.1928133E+15  0.1189260E+20 -0.1713917E+05  0.7570192E+07 -0.2441430E+08  0.1075773E+11 -0.4386474E+03  0.0000000E+00  0.2922495E+03  0.8576530E+05  0.2526560E+08  0.7469300E+10  0.6591594E+15  0.5885486E+20 -0.1283440E+06  0.5640242E+08 -0.3770680E+08  0.1658884E+11  0.1925469E+06  0.0000000E+00
  0.1615694E+03  0.5542043E+05  0.9197277E+07  0.3212590E+10  0.1926383E+15  0.1187964E+20 -0.7100218E+05  0.3122275E+08 -0.2439472E+08  0.1074501E+11 -0.4384797E+03  0.0000000E+00  0.2923450E+03  0.8582153E+05  0.2528991E+08  0.7478864E+10  0.6604224E+15  0.5900438E+20 -0.1283366E+06  0.5637738E+08 -0.3771671E+08  0.1658694E+11  0.1923980E+06  0.0000000E+00
  0.4264757E+02  0.5497331E+05  0.2406157E+07  0.3163748E+10  0.1884522E+15  0.1155072E+20 -0.1868331E+05  0.8190973E+07 -0.2416983E+08  0.1063361E+11 -0.4379496E+03  0.0000000E+00  0.2914206E+03  0.8528991E+05  0.2505986E+08  0.7389903E+10  0.6490431E+15  0.5768967E+20 -0.1277797E+06  0.5606620E+08 -0.3743948E+08  0.1644565E+11  0.1919375E+06  0.0000000E+00
  0.9245450E+02  0.5483259E+05  0.5258445E+07  0.3148773E+10  0.1871512E+15  0.1144379E+20 -0.4057986E+05  0.1782351E+08 -0.2408714E+08  0.1058827E+11 -0.4375429E+03  0.0000000E+00  0.2910786E+03  0.8509812E+05  0.2497773E+08  0.7358372E+10  0.6450487E+15  0.5723301E+20 -0.1275161E+06  0.5590076E+08 -0.3732235E+08  0.1638008E+11  0.1915825E+06  0.0000000E+00
  0.4853658E+02  0.5425059E+05  0.2738543E+07  0.3088488E+10  0.1821497E+15  0.1106049E+20 -0.2128221E+05  0.9337982E+07 -0.2380415E+08  0.1045167E+11 -0.4370134E+03  0.0000000E+00  0.2902415E+03  0.8462368E+05  0.2477482E+08  0.7280802E+10  0.6353332E+15  0.5613130E+20 -0.1269974E+06  0.5560672E+08 -0.3707058E+08  0.1625025E+11  0.1911181E+06  0.0000000E+00
  0.1094376E+03  0.5405127E+05  0.6127265E+07  0.3066895E+10  0.1803025E+15  0.1091310E+20 -0.4793698E+05  0.2101201E+08 -0.2369885E+08  0.1039759E+11 -0.4366675E+03  0.0000000E+00  0.2900453E+03  0.8451232E+05  0.2472682E+08  0.7262080E+10  0.6328734E+15  0.5583565E+20 -0.1268111E+06  0.5548238E+08 -0.3699286E+08  0.1620369E+11  0.1908171E+06  0.0000000E+00
   310.5000    
