 -0.6053511E+00  0.3670720E+00 -0.2229513E+00  0.1356332E+00  0.5042920E-01  0.1886100E-01  0.9581328E+00 -0.1516597E+01 -0.5810813E+00  0.9199046E+00 -0.1582535E+01  0.0000000E+00  0.7301410E+00  0.5338097E+00  0.3907619E+00  0.2863958E+00  0.1543740E+00  0.8357140E-01 -0.4733224E+04  0.3068577E+08 -0.3460763E+04  0.2243836E+08  0.4201980E+08  0.0000000E+00
  0.5882158E+00  0.3466956E+00  0.2047424E+00  0.1211385E+00  0.4263704E-01  0.1511054E-01 -0.9215547E+00  0.1443875E+01 -0.5432568E+00  0.8513061E+00 -0.1566424E+01  0.0000000E+00  0.7250361E+00  0.5262141E+00  0.3822822E+00  0.2779875E+00  0.1474033E+00  0.7843727E-01 -0.4652364E+04  0.2985461E+08 -0.3376865E+04  0.2167186E+08  0.4116854E+08  0.0000000E+00
 -0.5726493E+00  0.3287259E+00 -0.1891469E+00  0.1090795E+00  0.3651042E-01  0.1231989E-01  0.8877685E+00 -0.1376407E+01 -0.5097271E+00  0.7904413E+00 -0.1549986E+01  0.0000000E+00  0.7063774E+00  0.4997860E+00  0.3541653E+00  0.2513498E+00  0.1271322E+00  0.6464492E-01 -0.4485136E+04  0.2848037E+08 -0.3173729E+04  0.2015531E+08  0.4030940E+08  0.0000000E+00
 -0.5546468E+00  0.3085620E+00 -0.1721548E+00  0.9630995E-01  0.3037517E-01  0.9672358E-02  0.8502249E+00 -0.1303414E+01 -0.4731094E+00  0.7254536E+00 -0.1532553E+01  0.0000000E+00  0.6946965E+00  0.4834319E+00  0.3369652E+00  0.2352457E+00  0.1151696E+00  0.5669999E-01 -0.4361405E+04  0.2738366E+08 -0.3035433E+04  0.1906074E+08  0.3940823E+08  0.0000000E+00
 -0.5341417E+00  0.2864411E+00 -0.1541731E+00  0.8326996E-01  0.2452611E-01  0.7310173E-02  0.8089404E+00 -0.1225237E+01 -0.4339259E+00  0.6574139E+00 -0.1514044E+01  0.0000000E+00  0.6789462E+00  0.4619414E+00  0.3149247E+00  0.2151078E+00  0.1009016E+00  0.4764816E-01 -0.4211167E+04  0.2612206E+08 -0.2865641E+04  0.1777855E+08  0.3846206E+08  0.0000000E+00
  0.5105297E+00  0.2620102E+00  0.1351147E+00  0.6998627E-01  0.1900727E-01  0.5239048E-02 -0.7632543E+00  0.1141199E+01 -0.3918469E+00  0.5860800E+00 -0.1494490E+01  0.0000000E+00  0.6688218E+00  0.4481935E+00  0.3009016E+00  0.2023754E+00  0.9201080E-01  0.4210178E-01 -0.4094982E+04  0.2507491E+08 -0.2744702E+04  0.1680999E+08  0.3747616E+08  0.0000000E+00
  0.3982103E+00  0.2363222E+00  0.9532515E-01  0.5742417E-01  0.1426555E-01  0.3612320E-02 -0.5871447E+00  0.8658108E+00 -0.3486062E+00  0.5142877E+00 -0.1473792E+01  0.0000000E+00  0.6489831E+00  0.4222869E+00  0.2754532E+00  0.1800944E+00  0.7749228E-01  0.3361601E-01 -0.3918697E+04  0.2366474E+08 -0.2550493E+04  0.1540598E+08  0.3644571E+08  0.0000000E+00
 -0.3685296E+00  0.2070096E+00 -0.7814024E-01  0.4474057E-01  0.9981286E-02  0.2285666E-02  0.5349954E+00 -0.7767630E+00 -0.3007089E+00  0.4368703E+00 -0.1450814E+01  0.0000000E+00  0.6202955E+00  0.3864115E+00  0.2416593E+00  0.1516833E+00  0.6035697E-01  0.2430668E-01 -0.3687451E+04  0.2192348E+08 -0.2297861E+04  0.1366647E+08  0.3531833E+08  0.0000000E+00
  0.9414385E-01  0.1702340E+00  0.1656720E-01  0.3145128E-01  0.6107631E-02  0.1232095E-02 -0.1343686E+00  0.1918101E+00 -0.2431716E+00  0.3474143E+00 -0.1425635E+01  0.0000000E+00  0.5898341E+00  0.3503779E+00  0.2094369E+00  0.1258891E+00  0.4615640E-01  0.1721400E-01 -0.3446184E+04  0.2013852E+08 -0.2048247E+04  0.1197539E+08  0.3410459E+08  0.0000000E+00
  0.3618754E-02  0.1235292E+00  0.2488561E-03  0.1840704E-01  0.2986069E-02  0.5138218E-03 -0.4960633E-02  0.6799846E-02 -0.1731062E+00  0.2426264E+00 -0.1396299E+01  0.0000000E+00  0.5361218E+00  0.2926252E+00  0.1620000E+00  0.9073348E-01  0.2927720E-01  0.9737344E-02 -0.3069513E+04  0.1757768E+08 -0.1676976E+04  0.9612151E+07  0.3271654E+08  0.0000000E+00
  0.4687681E-02  0.7224535E-01  0.4066504E-03  0.7869943E-02  0.9989922E-03  0.1393325E-03 -0.6484107E-02  0.8970335E-02 -0.9902712E-01  0.1357673E+00 -0.1362374E+01  0.0000000E+00  0.4555156E+00  0.2160842E+00  0.1057405E+00  0.5303260E-01  0.1411685E-01  0.3978779E-02 -0.2546705E+04  0.1424163E+08 -0.1210037E+04  0.6777537E+07  0.3114745E+08  0.0000000E+00
  0.5464685E-02  0.3142131E-01  0.4870526E-03  0.2128924E-02  0.1916056E-03  0.2034450E-04 -0.7428340E-02  0.1009708E-01 -0.4197144E-01  0.5607834E-01 -0.1324668E+01  0.0000000E+00  0.3503922E+00  0.1329531E+00  0.5359500E-01  0.2266113E-01  0.4518433E-02  0.1003658E-02 -0.1906111E+04  0.1037196E+08 -0.7249186E+03  0.3953611E+07  0.2944767E+08  0.0000000E+00
 -0.2973222E-02  0.1467033E-01 -0.8773342E-04  0.5794555E-03  0.3417137E-04  0.2544965E-05  0.3843839E-02 -0.4970117E-02 -0.1908133E-01  0.2482560E-01 -0.1290226E+01  0.0000000E+00  0.2768492E+00  0.8463202E-01  0.2797004E-01  0.9850368E-02  0.1419847E-02  0.2383853E-03 -0.1466783E+04  0.7773308E+07 -0.4494564E+03  0.2387600E+07  0.2793615E+08  0.0000000E+00
 -0.7656205E-03  0.7535893E-02 -0.4454437E-05  0.1677574E-03  0.5982797E-05  0.2831524E-06  0.9802936E-03 -0.1254968E-02 -0.9534055E-02  0.1206561E-01 -0.1257530E+01  0.0000000E+00  0.2213921E+00  0.5464463E-01  0.1470096E-01  0.4246338E-02  0.4209715E-03  0.5008193E-04 -0.1142842E+04  0.5901087E+07 -0.2826712E+03  0.1462638E+07  0.2653840E+08  0.0000000E+00
 -0.1176019E-02  0.4684599E-02 -0.2621345E-04  0.6556984E-04  0.1511645E-05  0.4787712E-07  0.1469901E-02 -0.1837650E-02 -0.5777610E-02  0.7127740E-02 -0.1227647E+01  0.0000000E+00  0.1839428E+00  0.3798895E-01  0.8602679E-02  0.2102044E-02  0.1509401E-03  0.1317676E-04 -0.9267956E+03  0.4670961E+07 -0.1917737E+03  0.9683737E+06  0.2529254E+08  0.0000000E+00
 -0.1429260E-02  0.3344471E-02 -0.1512290E-04  0.3333455E-04  0.5424788E-06  0.1201576E-07  0.1721722E-02 -0.2075132E-02 -0.4027925E-02  0.4852608E-02 -0.1199543E+01  0.0000000E+00  0.1575271E+00  0.2805312E-01  0.5510200E-02  0.1173923E-02  0.6496355E-04  0.4442116E-05 -0.7754398E+03  0.3818262E+07 -0.1383480E+03  0.6824894E+06  0.2414803E+08  0.0000000E+00
 -0.1487794E-02  0.2563523E-02 -0.1239066E-04  0.1957163E-04  0.2503963E-06  0.4533819E-08  0.1747090E-02 -0.2052080E-02 -0.3017044E-02  0.3551787E-02 -0.1172869E+01  0.0000000E+00  0.1384762E+00  0.2171321E-01  0.3761583E-02  0.7081019E-03  0.3077181E-04  0.1667459E-05 -0.6663364E+03  0.3207324E+07 -0.1046492E+03  0.5045135E+06  0.2308627E+08  0.0000000E+00
 -0.6308797E-03  0.2016303E-02 -0.2375102E-05  0.1233061E-04  0.1277439E-06  0.1958362E-08  0.7272491E-03 -0.8385660E-03 -0.2321954E-02  0.2674773E-02 -0.1148087E+01  0.0000000E+00  0.1242458E+00  0.1744443E-01  0.2702194E-02  0.4544402E-03  0.1576305E-04  0.6863168E-06 -0.5851308E+03  0.2756498E+07 -0.8227129E+02  0.3881289E+06  0.2212101E+08  0.0000000E+00
 -0.6231779E-03  0.1639246E-02 -0.3104737E-05  0.8100395E-05  0.6705035E-07  0.7855323E-09  0.7088297E-03 -0.8066002E-03 -0.1848410E-02  0.2084898E-02 -0.1124518E+01  0.0000000E+00  0.1125987E+00  0.1435939E-01  0.2023427E-02  0.3098401E-03  0.8906921E-05  0.3188759E-06 -0.5193746E+03  0.2396447E+07 -0.6632839E+02  0.3064809E+06  0.2122213E+08  0.0000000E+00
 -0.2926879E-03  0.1402120E-02 -0.2139854E-05  0.5926432E-05  0.4229530E-07  0.4332667E-09  0.3190809E-03 -0.3478426E-03 -0.1548994E-02  0.1711779E-02 -0.1101986E+01  0.0000000E+00  0.1033708E+00  0.1213447E-01  0.1577510E-02  0.2233656E-03  0.5533551E-05  0.1726141E-06 -0.4671978E+03  0.2112233E+07 -0.5491512E+02  0.2485988E+06  0.2038006E+08  0.0000000E+00
   4422.000    
