  0.5335018E-01  0.2461332E+00  0.1501437E-01  0.6983819E-01  0.2134280E-01  0.6881261E-02 -0.5612284E-01  0.5910468E-01 -0.2591881E+00  0.2732539E+00 -0.1041359E+01  0.0000000E+00  0.6553071E+00  0.4366736E+00  0.2946926E+00  0.2009351E+00  0.9577350E-01  0.4689293E-01 -0.2739857E+03  0.1147119E+06 -0.1831526E+03  0.7691652E+05  0.1737562E+06  0.0000000E+00
  0.5768331E-01  0.2438499E+00  0.1611412E-01  0.6870750E-01  0.2086327E-01  0.6684917E-02 -0.6062363E-01  0.6378978E-01 -0.2564715E+00  0.2700606E+00 -0.1040050E+01  0.0000000E+00  0.6528454E+00  0.4335972E+00  0.2917568E+00  0.1983686E+00  0.9405232E-01  0.4582229E-01 -0.2726289E+03  0.1140029E+06 -0.1816531E+03  0.7619439E+05  0.1733250E+06  0.0000000E+00
  0.6531389E-01  0.2410501E+00  0.1792012E-01  0.6739379E-01  0.2032610E-01  0.6472304E-02 -0.6848785E-01  0.7189982E-01 -0.2532236E+00  0.2663060E+00 -0.1038554E+01  0.0000000E+00  0.6504374E+00  0.4306543E+00  0.2889500E+00  0.1959643E+00  0.9247953E-01  0.4486325E-01 -0.2712601E+03  0.1132805E+06 -0.1801779E+03  0.7547889E+05  0.1728290E+06  0.0000000E+00
  0.4150989E-01  0.2389568E+00  0.1164900E-01  0.6636725E-01  0.1990069E-01  0.6303432E-02 -0.4360085E-01  0.4585150E-01 -0.2507178E+00  0.2633583E+00 -0.1037247E+01  0.0000000E+00  0.6481111E+00  0.4277668E+00  0.2861859E+00  0.1935642E+00  0.9088966E-01  0.4388536E-01 -0.2699590E+03  0.1125981E+06 -0.1787540E+03  0.7478943E+05  0.1723988E+06  0.0000000E+00
  0.5466024E-01  0.2358150E+00  0.1514356E-01  0.6498074E-01  0.1936124E-01  0.6098989E-02 -0.5739506E-01  0.6033653E-01 -0.2471111E+00  0.2592512E+00 -0.1035591E+01  0.0000000E+00  0.6451547E+00  0.4242654E+00  0.2829891E+00  0.1908969E+00  0.8923619E-01  0.4292697E-01 -0.2683365E+03  0.1117577E+06 -0.1770475E+03  0.7397861E+05  0.1718434E+06  0.0000000E+00
  0.3979807E-01  0.2327749E+00  0.1092659E-01  0.6353671E-01  0.1877721E-01  0.5871330E-02 -0.4171893E-01  0.4378447E-01 -0.2435571E+00  0.2551382E+00 -0.1033921E+01  0.0000000E+00  0.6423913E+00  0.4208224E+00  0.2797092E+00  0.1880649E+00  0.8738715E-01  0.4180935E-01 -0.2667612E+03  0.1109259E+06 -0.1753437E+03  0.7315278E+05  0.1712876E+06  0.0000000E+00
  0.4962141E-01  0.2306744E+00  0.1344822E-01  0.6253013E-01  0.1836897E-01  0.5712035E-02 -0.5189043E-01  0.5432501E-01 -0.2410936E+00  0.2522782E+00 -0.1032735E+01  0.0000000E+00  0.6407803E+00  0.4188004E+00  0.2777508E+00  0.1863616E+00  0.8624786E-01  0.4110440E-01 -0.2657939E+03  0.1103988E+06 -0.1743046E+03  0.7263654E+05  0.1708941E+06  0.0000000E+00
  0.4432711E-01  0.2270903E+00  0.1207231E-01  0.6099927E-01  0.1778876E-01  0.5496833E-02 -0.4638724E-01  0.4860196E-01 -0.2370069E+00  0.2476451E+00 -0.1030794E+01  0.0000000E+00  0.6371720E+00  0.4145476E+00  0.2738709E+00  0.1831359E+00  0.8427264E-01  0.3997226E-01 -0.2638422E+03  0.1094044E+06 -0.1722578E+03  0.7167317E+05  0.1702634E+06  0.0000000E+00
  0.2232968E-01  0.2241828E+00  0.6215727E-02  0.5972514E-01  0.1730096E-01  0.5314350E-02 -0.2338770E-01  0.2452192E-01 -0.2336757E+00  0.2438637E+00 -0.1029227E+01  0.0000000E+00  0.6342797E+00  0.4110757E+00  0.2706654E+00  0.1804469E+00  0.8258677E-01  0.3898335E-01 -0.2622748E+03  0.1086011E+06 -0.1705904E+03  0.7088458E+05  0.1697521E+06  0.0000000E+00
  0.5066220E-01  0.2220092E+00  0.1334240E-01  0.5877724E-01  0.1694372E-01  0.5183680E-02 -0.5276287E-01  0.5501460E-01 -0.2311895E+00  0.2410246E+00 -0.1027950E+01  0.0000000E+00  0.6322152E+00  0.4086536E+00  0.2684672E+00  0.1786245E+00  0.8147255E-01  0.3834468E-01 -0.2611266E+03  0.1080020E+06 -0.1694044E+03  0.7031619E+05  0.1693318E+06  0.0000000E+00
   3252.000    
