  0.5972951      2.6158390E-03   1.038617      0.4584085      0.6187392    
  2.1617133E-03 -4.7685327E-03  1.7737316E-04
  0.2246261      0.1223975       10.34460       9.329213      0.5167011    
  3.0550178E-02 -1.9314035E-03  4.3912409E-04
  0.1929948      0.1123953       12.38501       5.969750      0.5151227    
  3.9440915E-02 -1.9824796E-03  2.4964273E-04
  0.2059643      0.1378289       8.224754       10.14014      0.5077379    
  3.6934853E-02 -1.9103221E-03  3.6222153E-04
  0.2635903      0.1512908       9.650085       9.456157      0.5221363    
  3.0291153E-02 -1.8973902E-03  4.5725319E-04
  0.2199463      0.1064081       12.04399       7.449787      0.5233043    
  3.5179637E-02 -1.9855604E-03  3.6862935E-04
  0.1595709      8.2466930E-02   9.984439       7.986916      0.4963230    
  3.0612936E-02 -1.9206122E-03  3.0015572E-04
  0.1816857      0.1061058       11.29619       7.219693      0.5118533    
  3.1100871E-02 -1.9506954E-03  4.0187340E-04
  0.2459650      0.1189133       14.51623       2.419787      0.5144141    
  2.9608129E-02 -2.0884767E-03  3.3701074E-04
  0.1933313      0.1132601       7.558019       9.180444      0.5129650    
  3.6708228E-02 -1.8512957E-03  3.9575438E-04
   39947.50    
   39947.50    
   39947.50    
   39947.50    
