  0.5967719      3.3044773E-03   1.156187      0.2396897      0.6264739    
  1.8784555E-03 -6.1246576E-03  2.4926645E-04
  0.2304524      0.1072694       7.482673       10.99240      0.5479728    
  2.8401436E-02 -2.3949749E-03  7.1524305E-04
  0.2246593      0.1434102       7.450418       9.329741      0.5332929    
  3.4474868E-02 -2.6428686E-03  5.7390152E-04
  0.2101657      0.1130541       4.112020       11.35804      0.5495442    
  3.5351697E-02 -2.4462542E-03  7.6842384E-04
  0.1753710      0.1386102       3.134592       9.330828      0.5314249    
  4.2297389E-02 -2.5220707E-03  7.5023127E-04
  0.1853793      0.1007313       8.374438       7.924829      0.5229429    
  3.8688704E-02 -2.9059513E-03  4.5844188E-04
  0.1665377      0.1248240       2.649103       8.885247      0.5259754    
  3.2520410E-02 -2.5487475E-03  6.4617244E-04
  0.1895632      9.0379693E-02   6.484869       10.91917      0.5322078    
  4.0554985E-02 -2.5557033E-03  7.5485621E-04
  0.1784323      0.1008826       7.022179       9.301389      0.5206948    
  3.4143746E-02 -2.6361973E-03  5.6093629E-04
  0.1659718      0.1119064       1.035264       10.61449      0.5345919    
  3.7298422E-02 -2.2290207E-03  6.6960731E-04
   18642.50    
   18643.00    
   18643.00    
   18643.00    
