  0.5646496E-01  0.2462087E+00  0.1609831E-01  0.6987260E-01  0.2135690E-01  0.6886314E-02 -0.5951086E-01  0.6279370E-01 -0.2592766E+00  0.2733500E+00 -0.1041373E+01  0.0000000E+00  0.6552013E+00  0.4365436E+00  0.2945946E+00  0.2008394E+00  0.9571690E-01  0.4685843E-01 -0.6848855E+00  0.7168905E+00 -0.4577687E+00  0.4806458E+00  0.1086073E+01  0.0000000E+00
  0.4302377E-01  0.2432975E+00  0.1203818E-01  0.6848399E-01  0.2077805E-01  0.6653403E-02 -0.4523121E-01  0.4760813E-01 -0.2558822E+00  0.2694317E+00 -0.1039918E+01  0.0000000E+00  0.6524360E+00  0.4331206E+00  0.2912989E+00  0.1979928E+00  0.9381026E-01  0.4567607E-01 -0.6810759E+00  0.7119370E+00 -0.4535635E+00  0.4755996E+00  0.1083010E+01  0.0000000E+00
  0.5298713E-01  0.2412744E+00  0.1482984E-01  0.6746290E-01  0.2035065E-01  0.6482102E-02 -0.5569857E-01  0.5861853E-01 -0.2534627E+00  0.2665650E+00 -0.1038618E+01  0.0000000E+00  0.6505160E+00  0.4306861E+00  0.2889618E+00  0.1959495E+00  0.9245910E-01  0.4484432E-01 -0.6782145E+00  0.7080914E+00 -0.4504926E+00  0.4718138E+00  0.1080319E+01  0.0000000E+00
  0.4690649E-01  0.2386163E+00  0.1308837E-01  0.6617666E-01  0.1981664E-01  0.6269092E-02 -0.4928024E-01  0.5182941E-01 -0.2503388E+00  0.2629344E+00 -0.1037178E+01  0.0000000E+00  0.6480487E+00  0.4276526E+00  0.2860728E+00  0.1934537E+00  0.9081282E-01  0.4383836E-01 -0.6747575E+00  0.7035096E+00 -0.4467115E+00  0.4672319E+00  0.1077269E+01  0.0000000E+00
  0.5652155E-01  0.2362821E+00  0.1535561E-01  0.6517295E-01  0.1944081E-01  0.6131007E-02 -0.5918069E-01  0.6204268E-01 -0.2476430E+00  0.2598492E+00 -0.1035802E+01  0.0000000E+00  0.6459259E+00  0.4251124E+00  0.2837223E+00  0.1914854E+00  0.8957423E-01  0.4311247E-01 -0.6717529E+00  0.6995436E+00 -0.4435740E+00  0.4634365E+00  0.1074468E+01  0.0000000E+00
  0.3998544E-01  0.2329637E+00  0.1107884E-01  0.6359628E-01  0.1879256E-01  0.5874214E-02 -0.4194055E-01  0.4404035E-01 -0.2437761E+00  0.2553814E+00 -0.1034073E+01  0.0000000E+00  0.6427094E+00  0.4211468E+00  0.2799613E+00  0.1882505E+00  0.8746967E-01  0.4184024E-01 -0.6673185E+00  0.6937728E+00 -0.4387175E+00  0.4576298E+00  0.1070859E+01  0.0000000E+00
  0.4402803E-01  0.2305050E+00  0.1199802E-01  0.6246858E-01  0.1834848E-01  0.5705187E-02 -0.4608119E-01  0.4828135E-01 -0.2409160E+00  0.2521072E+00 -0.1032770E+01  0.0000000E+00  0.6405066E+00  0.4184668E+00  0.2774415E+00  0.1861159E+00  0.8610562E-01  0.4102940E-01 -0.6641752E+00  0.6896899E+00 -0.4354239E+00  0.4536318E+00  0.1068112E+01  0.0000000E+00
  0.4220077E-01  0.2276018E+00  0.1149016E-01  0.6117909E-01  0.1784735E-01  0.5515257E-02 -0.4414936E-01  0.4623971E-01 -0.2375998E+00  0.2483152E+00 -0.1031174E+01  0.0000000E+00  0.6378120E+00  0.4152644E+00  0.2745092E+00  0.1836495E+00  0.8457298E-01  0.4013595E-01 -0.6604720E+00  0.6849045E+00 -0.4315234E+00  0.4489847E+00  0.1064935E+01  0.0000000E+00
  0.3667422E-01  0.2239197E+00  0.9931306E-02  0.5967371E-01  0.1729636E-01  0.5316952E-02 -0.3832128E-01  0.4009043E-01 -0.2334298E+00  0.2436348E+00 -0.1029302E+01  0.0000000E+00  0.6340597E+00  0.4108610E+00  0.2705197E+00  0.1803545E+00  0.8255812E-01  0.3898608E-01 -0.6554865E+00  0.6785988E+00 -0.4262871E+00  0.4428650E+00  0.1061003E+01  0.0000000E+00
  0.4903899E-01  0.2215898E+00  0.1310308E-01  0.5859018E-01  0.1687127E-01  0.5156874E-02 -0.5114505E-01  0.5340486E-01 -0.2307154E+00  0.2404986E+00 -0.1027803E+01  0.0000000E+00  0.6320412E+00  0.4084358E+00  0.2682279E+00  0.1784091E+00  0.8132187E-01  0.3824906E-01 -0.6525483E+00  0.6746140E+00 -0.4232005E+00  0.4390934E+00  0.1057972E+01  0.0000000E+00
  0.4530420E-01  0.2185024E+00  0.1186197E-01  0.5729802E-01  0.1639470E-01  0.4984277E-02 -0.4714131E-01  0.4911650E-01 -0.2272070E+00  0.2365386E+00 -0.1026165E+01  0.0000000E+00  0.6289126E+00  0.4047215E+00  0.2648540E+00  0.1756122E+00  0.7962181E-01  0.3728107E-01 -0.6483257E+00  0.6692877E+00 -0.4187718E+00  0.4338990E+00  0.1054649E+01  0.0000000E+00
  0.3005458E-01  0.2152569E+00  0.8084256E-02  0.5595782E-01  0.1589994E-01  0.4804609E-02 -0.3133205E-01  0.3269979E-01 -0.2235392E+00  0.2324171E+00 -0.1024469E+01  0.0000000E+00  0.6255752E+00  0.4008522E+00  0.2613724E+00  0.1727556E+00  0.7788993E-01  0.3629860E-01 -0.6439037E+00  0.6637606E+00 -0.4141963E+00  0.4285667E+00  0.1051177E+01  0.0000000E+00
  0.3529085E-01  0.2117185E+00  0.9237210E-02  0.5451564E-01  0.1537578E-01  0.4617755E-02 -0.3667651E-01  0.3816127E-01 -0.2195518E+00  0.2279651E+00 -0.1022616E+01  0.0000000E+00  0.6221350E+00  0.3968995E+00  0.2578360E+00  0.1698572E+00  0.7616275E-01  0.3532610E-01 -0.6393235E+00  0.6579307E+00 -0.4094661E+00  0.4230253E+00  0.1047371E+01  0.0000000E+00
  0.3438474E-01  0.2091412E+00  0.8975819E-02  0.5343821E-01  0.1497944E-01  0.4475356E-02 -0.3574428E-01  0.3719838E-01 -0.2166228E+00  0.2246443E+00 -0.1021171E+01  0.0000000E+00  0.6194240E+00  0.3937246E+00  0.2549776E+00  0.1675086E+00  0.7473774E-01  0.3451731E-01 -0.6356894E+00  0.6533546E+00 -0.4056846E+00  0.4186058E+00  0.1044477E+01  0.0000000E+00
  0.3721428E-01  0.2063075E+00  0.9619227E-02  0.5231765E-01  0.1458257E-01  0.4336450E-02 -0.3858929E-01  0.4006170E-01 -0.2134220E+00  0.2210615E+00 -0.1019424E+01  0.0000000E+00  0.6163501E+00  0.3902158E+00  0.2518580E+00  0.1649820E+00  0.7326024E-01  0.3369922E-01 -0.6315650E+00  0.6481141E+00 -0.4015014E+00  0.4137026E+00  0.1040943E+01  0.0000000E+00
  0.4180805E-01  0.2022220E+00  0.1048227E-01  0.5075318E-01  0.1403496E-01  0.4145432E-02 -0.4323011E-01  0.4475716E-01 -0.2088798E+00  0.2160304E+00 -0.1017404E+01  0.0000000E+00  0.6120827E+00  0.3854184E+00  0.2476288E+00  0.1615849E+00  0.7127462E-01  0.3260593E-01 -0.6260383E+00  0.6413247E+00 -0.3958903E+00  0.4072376E+00  0.1036792E+01  0.0000000E+00
  0.3717114E-01  0.1994246E+00  0.9380626E-02  0.4960749E-01  0.1362436E-01  0.4001672E-02 -0.3840759E-01  0.3973294E-01 -0.2057089E+00  0.2124652E+00 -0.1015698E+01  0.0000000E+00  0.6091090E+00  0.3819800E+00  0.2445383E+00  0.1590550E+00  0.6977900E-01  0.3177332E-01 -0.6220590E+00  0.6362522E+00 -0.3917800E+00  0.4024517E+00  0.1033399E+01  0.0000000E+00
  0.3786183E-01  0.1959014E+00  0.9362708E-02  0.4828246E-01  0.1317098E-01  0.3847788E-02 -0.3906508E-01  0.4035688E-01 -0.2018240E+00  0.2081963E+00 -0.1013951E+01  0.0000000E+00  0.6053325E+00  0.3778045E+00  0.2409576E+00  0.1562267E+00  0.6818162E-01  0.3091707E-01 -0.6172445E+00  0.6303773E+00 -0.3869911E+00  0.3969475E+00  0.1029818E+01  0.0000000E+00
  0.3521320E-01  0.1926256E+00  0.8566016E-02  0.4703578E-01  0.1274130E-01  0.3700034E-02 -0.3624354E-01  0.3735376E-01 -0.1981595E+00  0.2041377E+00 -0.1012030E+01  0.0000000E+00  0.6017443E+00  0.3737619E+00  0.2374009E+00  0.1533779E+00  0.6654334E-01  0.3002553E-01 -0.6125394E+00  0.6245027E+00 -0.3822322E+00  0.3914723E+00  0.1026011E+01  0.0000000E+00
  0.2837972E-01  0.1894952E+00  0.6939325E-02  0.4584369E-01  0.1232835E-01  0.3558259E-02 -0.2922608E-01  0.3013689E-01 -0.1946681E+00  0.2002563E+00 -0.1010284E+01  0.0000000E+00  0.5982056E+00  0.3697850E+00  0.2339157E+00  0.1505777E+00  0.6492262E-01  0.2913535E-01 -0.6079671E+00  0.6188639E+00 -0.3775944E+00  0.3861489E+00  0.1022454E+01  0.0000000E+00
