  0.5510000    
  0.6178430      3.1493194E-03   1.383241      0.4525631      0.6497185    
  1.3101960E-03 -6.6625415E-03  5.2023574E-04
  0.5520000    
  0.2334299      0.1137386       1.431403       10.28400      0.5817356    
  3.3501573E-02 -3.0722588E-03  1.3707326E-03
  0.5530000    
  0.1992805      0.1035328     -0.3203903       10.19878      0.5681159    
  4.7025312E-02 -3.0536458E-03  1.0982413E-03
  0.5540000    
  0.2172394      0.1178730       2.526192       10.30974      0.5651795    
  5.0100371E-02 -3.4429326E-03  1.1441904E-03
  0.5550000    
  0.2197729      0.1359069      -2.374694       9.024085      0.5761863    
  4.8416723E-02 -3.0747347E-03  1.1366345E-03
  0.5560000    
  0.2033867      0.1334410       4.903964       7.667910      0.5699232    
  5.0572835E-02 -3.5261542E-03  1.1075886E-03
  0.5570000    
  0.2176120      9.3818225E-02   1.218018       10.41216      0.5564069    
  5.3168874E-02 -3.1690015E-03  1.0494401E-03
  0.5580000    
  0.2227750      0.1333550      0.7265932       9.823388      0.5628929    
  4.6427306E-02 -3.4484765E-03  1.1036661E-03
  0.5590000    
  0.1704328      8.9249045E-02   4.252505       8.527331      0.5435955    
  4.9196366E-02 -3.7608943E-03  1.3187056E-03
  0.5600000    
  0.1792794      0.1055156     -0.1433772       8.926700      0.5670534    
  4.5509279E-02 -3.2442361E-03  9.7304845E-04
  0.5610000    
  0.1944312      0.1103347       1.461168       9.121102      0.5589404    
  3.4829207E-02 -3.7599511E-03  1.1379479E-03
  0.5620000    
  0.2351089      0.1208212       5.071775       9.059795      0.5454290    
  4.8371397E-02 -3.3566901E-03  1.2193386E-03
  0.5630000    
  0.1945771      0.1298127       2.272343       8.214579      0.5548388    
  3.6667611E-02 -3.5859109E-03  1.4226735E-03
  0.5640000    
  0.2273697      0.1268515       2.185838       10.86822      0.5729808    
  4.4453979E-02 -2.9508038E-03  1.1337460E-03
  0.5650000    
  0.2490292      0.1134100      0.9324415       10.66352      0.5664486    
  4.7343645E-02 -3.2053269E-03  1.2619377E-03
  0.5660000    
  0.2032636      0.1200901      0.4491456       9.937312      0.5685933    
  4.1265111E-02 -3.1890967E-03  9.6972124E-04
  0.5670000    
  0.1917621      0.1279170      -1.190025       9.731070      0.5639207    
  5.0670799E-02 -3.1412295E-03  1.3954147E-03
  0.5680000    
  0.1904189      0.1052378      -1.362112       9.285152      0.5751020    
  4.5195434E-02 -3.2226727E-03  1.0517180E-03
  0.5690000    
  0.1573144      0.1075397      0.8143282       9.241045      0.5502286    
  5.1308114E-02 -3.5170964E-03  1.1584709E-03
  0.5700000    
  0.1896281      0.1034371       4.326655       9.201172      0.5581602    
  3.6157548E-02 -3.5870993E-03  1.3544846E-03
   1549.000    
   1549.000    
   1549.000    
   1549.500    
