  0.6069947      3.5580930E-03  0.8529299      0.4689541      0.6248738    
  2.3263926E-03 -4.3227198E-03  1.9045237E-04
  0.2365415      0.1233826       10.68050       9.252614      0.5210118    
  2.8453017E-02 -1.9260899E-03  4.2911147E-04
  0.2037893      0.1174556       12.44761       5.838653      0.5175952    
  3.5623457E-02 -1.9972115E-03  2.4404375E-04
  0.2073774      0.1429854       8.012571       10.05886      0.5101158    
  3.9442729E-02 -1.9008114E-03  3.4403303E-04
  0.2629628      0.1547234       9.924199       9.418225      0.5240394    
  3.2667439E-02 -1.8826656E-03  4.4433569E-04
  0.2296480      0.1134612       12.24701       7.543778      0.5272103    
  3.4449618E-02 -1.9386231E-03  4.1230774E-04
  0.1629348      8.2294531E-02   9.858228       7.770082      0.4971309    
  3.6519065E-02 -1.9310504E-03  3.1566303E-04
  0.1894223      0.1108639       12.03109       6.548243      0.5174267    
  2.6680002E-02 -1.9074299E-03  3.6176978E-04
  0.2540141      0.1229642       14.38471       2.456805      0.5158704    
  3.1509090E-02 -2.1025955E-03  3.2110032E-04
  0.1989787      0.1197103       7.836032       8.845237      0.5153176    
  3.5114519E-02 -1.8672027E-03  3.8070316E-04
   32815.00    
   32815.00    
   32815.00    
   32815.00    
