  0.5904398      2.7054483E-03   1.251624      0.2364673      0.6235647    
  1.8593196E-03 -6.4662159E-03  2.4589268E-04
  0.2294802      0.1020386       7.289317       10.91008      0.5454303    
  2.7901759E-02 -2.4043806E-03  7.2213792E-04
  0.2160798      0.1401028       7.525507       9.225539      0.5324299    
  3.3958897E-02 -2.6401565E-03  5.9854775E-04
  0.2114609      0.1161346       3.951039       11.51697      0.5486838    
  3.6682241E-02 -2.4437823E-03  7.6554948E-04
  0.1691169      0.1385611       3.074862       9.512165      0.5305060    
  4.6085835E-02 -2.5016740E-03  7.4056332E-04
  0.1752462      0.1078542       8.142183       7.875647      0.5219725    
  3.9622150E-02 -2.8874755E-03  4.6591728E-04
  0.1661380      0.1233590       2.397707       9.062442      0.5220567    
  3.4841869E-02 -2.6018105E-03  6.7327300E-04
  0.1834313      9.0246461E-02   6.390439       10.93185      0.5311721    
  4.0881712E-02 -2.5548176E-03  7.9673406E-04
  0.1778688      0.1036939       7.117315       9.315034      0.5218377    
  3.3951174E-02 -2.6440367E-03  5.2589516E-04
  0.1652585      0.1091314      0.9686604       10.64626      0.5337130    
  3.8575146E-02 -2.2359497E-03  6.4709148E-04
   18821.25    
   18821.25    
   18821.50    
   18821.25    
