  0.6140932      3.5881198E-03   1.140728      0.5435302      0.6212264    
  3.2388915E-03 -3.3637942E-03  1.6433776E-04
  0.2859948      0.1122658       15.14885       2.994212      0.5164795    
  3.5137255E-02 -1.6228333E-03  2.4813792E-04
  0.2601889      0.1498668       13.21242       4.609800      0.4943046    
  2.7862426E-02 -1.6470149E-03  2.5992867E-04
  0.2563716      0.1494503       11.72319       7.745290      0.5089380    
  3.1680010E-02 -1.5520230E-03  2.9654210E-04
  0.2168382      0.1212989       11.71029       7.413687      0.4986652    
  3.5239905E-02 -1.5454724E-03  3.1153345E-04
   32766.00    
   32766.00    
   32766.00    
   32765.50    
