  0.6158509      3.3510467E-03  0.9451307      0.4360586      0.6305059    
  1.6630261E-03 -3.8852275E-03  1.6448380E-04
  0.2421401      0.1231526       10.68492       9.126064      0.5229431    
  2.6770996E-02 -1.9458852E-03  4.3261089E-04
  0.2120974      0.1167020       12.60401       5.271373      0.5194990    
  3.5948910E-02 -2.0385808E-03  2.4279581E-04
  0.2120358      0.1447595       8.545946       9.655980      0.5111207    
  3.9889023E-02 -1.9155883E-03  3.3499743E-04
  0.2693253      0.1536467       9.815295       9.278849      0.5239582    
  3.0964887E-02 -1.9287333E-03  4.4130831E-04
   19375.00    
   19375.50    
   19375.50    
   19375.00    
