  0.6124543      3.3899522E-03   1.107472      0.4995810      0.6284751    
  2.2161731E-03 -4.0522278E-03  1.6047139E-04
  0.2346733      0.1171476       10.67878       9.194026      0.5202444    
  2.9677300E-02 -1.9315749E-03  4.3393878E-04
  0.1989048      0.1169082       12.64336       5.371033      0.5182021    
  3.7462980E-02 -2.0114779E-03  2.4255896E-04
  0.2203249      0.1377387       8.674150       9.682920      0.5123345    
  3.8658187E-02 -1.9068249E-03  3.6252322E-04
  0.2636665      0.1585550       9.970832       9.240708      0.5223091    
  3.2011669E-02 -1.9250878E-03  4.4374581E-04
   19888.50    
   19889.00    
   19889.00    
   19889.00    
