  0.6048395      6.6089546E-03   1.257444      0.5950497      0.6147461    
  5.1743994E-03 -3.7235618E-03  2.7949264E-04
  0.2715571      0.1208615       15.06751       3.799035      0.5122235    
  3.6383670E-02 -1.6040609E-03  2.5225471E-04
  0.2651288      0.1413944       12.77753       5.394879      0.4951356    
  3.1737156E-02 -1.6511061E-03  2.2567611E-04
  0.2528455      0.1508009       12.12089       7.050096      0.5051317    
  3.3959601E-02 -1.5732035E-03  2.8194071E-04
  0.2208039      0.1138602       11.22286       8.706499      0.4959468    
  3.9358921E-02 -1.5221082E-03  3.0702061E-04
   32953.50    
   32954.00    
   32954.00    
   32954.00    
