  0.6184800      1.4484763E-03   1.256877      0.1344479      0.6497869    
  5.3488533E-04 -6.6177724E-03  2.4544843E-04
  0.2521771      0.1323753       4.236528       9.776874      0.5827025    
  3.4368895E-02 -3.1976693E-03  1.2237517E-03
  0.1930909      0.1161072     -0.1284674       9.173394      0.5771990    
  4.4614587E-02 -3.1553409E-03  1.2122133E-03
  0.1727343      0.1043537       1.927585       9.294610      0.5672014    
  3.5055056E-02 -3.4475960E-03  1.1742924E-03
  0.2120802      0.1469144      0.5629523       9.448748      0.5758361    
  2.9188847E-02 -3.0929050E-03  1.0519732E-03
  0.1634858      0.1108143       2.804599       8.868595      0.5778419    
  5.6583140E-02 -2.9912465E-03  9.9425495E-04
  0.2040805      0.1204329       1.287574       9.805605      0.5597908    
  4.0926881E-02 -3.4874945E-03  1.1483759E-03
  0.1875146      9.5159963E-02  -1.937268       9.223103      0.5700352    
  5.1121671E-02 -3.0710422E-03  1.2806297E-03
  0.1902637      0.1148679      0.1076154       9.194898      0.5581945    
  5.3391047E-02 -3.3133067E-03  1.3120706E-03
  0.2032939      0.1269302      0.1599711       10.10177      0.5543489    
  4.7244333E-02 -3.4204833E-03  9.0369687E-04
  0.1558334      8.2462333E-02  0.4805868       9.079437      0.5765257    
  4.4291172E-02 -2.8927929E-03  1.1602547E-03
  0.1824847      0.1095917     -0.1773761       9.742827      0.5689595    
  3.5995968E-02 -3.3229976E-03  1.1119669E-03
  0.2411071      0.1213339      -2.144008       11.05166      0.5436193    
  5.0652914E-02 -2.9015995E-03  9.8257966E-04
  0.2033969      0.1420612       3.710104       7.650269      0.5575525    
  4.7159728E-02 -3.0551427E-03  1.3563816E-03
  0.1803455      9.8658442E-02  0.1823966       9.047729      0.5412749    
  5.1866181E-02 -3.4374581E-03  8.7089837E-04
  0.1854853      0.1306753       1.228653       9.137161      0.5599030    
  5.8449939E-02 -3.3008694E-03  1.1710207E-03
  0.2077481      0.1241242       2.008505       10.04066      0.5663373    
  4.2766858E-02 -3.2670833E-03  1.3293152E-03
  0.2121141      0.1368869      0.8368866       9.249735      0.5663500    
  3.7772901E-02 -3.4404644E-03  1.1091431E-03
  0.1951069      0.1056251       2.337732       9.890140      0.5502318    
  4.3661192E-02 -3.7798234E-03  1.1119957E-03
  0.2031769      0.1303873      -2.767980       9.146994      0.5451227    
  4.8318632E-02 -3.1325459E-03  1.1673740E-03
   12914.00    
   12914.00    
   12914.00    
   12914.50    
