  0.6202688E+00  0.1119645E-01  0.1372285E+01  0.1226664E+01  0.6507872E+00  0.4217348E-02 -0.6340361E-02  0.1548967E-02
  0.1960151E+00  0.1267818E+00  0.2051591E+00  0.1051455E+02  0.5822068E+00  0.3319522E-01 -0.2947900E-02  0.1498031E-02
  0.2146012E+00  0.1413569E+00  0.1617177E+01  0.9660054E+01  0.5586970E+00  0.5301754E-01 -0.3222358E-02  0.1154165E-02
  0.1855729E+00  0.1222025E+00  0.7413030E+00  0.9403290E+01  0.5649243E+00  0.4764259E-01 -0.2890428E-02  0.9541243E-03
  0.1814093E+00  0.1159490E+00 -0.6290507E+00  0.9233133E+01  0.5712023E+00  0.3588983E-01 -0.3164442E-02  0.1430580E-02
  0.2363657E+00  0.1437710E+00 -0.6130345E+00  0.1119332E+02  0.5607885E+00  0.5723273E-01 -0.3027206E-02  0.1195164E-02
  0.2441120E+00  0.1357074E+00  0.3047900E+00  0.9374213E+01  0.5813286E+00  0.4146425E-01 -0.3081925E-02  0.1353686E-02
  0.1883153E+00  0.1474926E+00  0.3082142E+01  0.8809115E+01  0.5689055E+00  0.5038698E-01 -0.3371627E-02  0.1493781E-02
  0.1946203E+00  0.8419019E-01 -0.4566080E+00  0.9307080E+01  0.5631466E+00  0.5546217E-01 -0.3264147E-02  0.1267293E-02
  0.1893772E+00  0.9323217E-01  0.2114137E+01  0.9765634E+01  0.5637352E+00  0.5212777E-01 -0.3115344E-02  0.1326599E-02
