  0.6105433E+00  0.2887968E-01  0.1306879E+01  0.1792540E+01  0.6471976E+00  0.1483443E-01 -0.7550216E-02  0.3836520E-02
  0.2809301E+00  0.1501800E+00 -0.1144720E+01  0.1278332E+02  0.5895489E+00  0.4277439E-01 -0.2437962E-02  0.1667397E-02
  0.2006186E+00  0.1937348E+00  0.2961654E+01  0.1125891E+02  0.5983337E+00  0.3187620E-01 -0.2355248E-02  0.1586696E-02
  0.2668878E+00  0.1700309E+00 -0.6422743E+00  0.1117282E+02  0.5721261E+00  0.4764334E-01 -0.2631375E-02  0.1837426E-02
  0.2357748E+00  0.1225825E+00 -0.9123181E+00  0.1103920E+02  0.5730365E+00  0.5224153E-01 -0.3135777E-02  0.1950129E-02
  0.2457456E+00  0.1636461E+00 -0.3961938E+01  0.1138204E+02  0.5896037E+00  0.6321932E-01 -0.2407578E-02  0.1950702E-02
  0.3039626E+00  0.1345048E+00  0.2391367E+01  0.1329798E+02  0.6037089E+00  0.3762967E-01 -0.2320263E-02  0.1919530E-02
  0.2708063E+00  0.1819909E+00 -0.1141617E+01  0.1162896E+02  0.5942004E+00  0.3152422E-01 -0.2549550E-02  0.2208765E-02
  0.2146475E+00  0.2057185E+00  0.1665456E+01  0.1126293E+02  0.5892804E+00  0.4870223E-01 -0.2240942E-02  0.1885714E-02
  0.2226312E+00  0.2052000E+00 -0.4673236E+01  0.1007027E+02  0.5834105E+00  0.6852119E-01 -0.1729219E-02  0.2232168E-02
