  0.4199566E-01  0.2345541E+00  0.1174600E-01  0.6467074E-01  0.1933142E-01  0.6119200E-02 -0.4410210E-01  0.4636515E-01 -0.2458646E+00  0.2580323E+00 -0.1035216E+01  0.0000000E+00  0.6446238E+00  0.4237787E+00  0.2826709E+00  0.1907643E+00  0.8931283E-01  0.4306715E-01 -0.6701621E+00  0.6977314E+00 -0.4421128E+00  0.4618801E+00  0.1073372E+01  0.0000000E+00
  0.6026176E-01  0.2342479E+00  0.1643732E-01  0.6439001E-01  0.1917253E-01  0.6042471E-02 -0.6309894E-01  0.6615432E-01 -0.2454181E+00  0.2574259E+00 -0.1034909E+01  0.0000000E+00  0.6441630E+00  0.4231582E+00  0.2820420E+00  0.1901684E+00  0.8885621E-01  0.4274847E-01 -0.6694767E+00  0.6967394E+00 -0.4413103E+00  0.4608308E+00  0.1072695E+01  0.0000000E+00
  0.4973437E-01  0.2325905E+00  0.1355360E-01  0.6365000E-01  0.1888039E-01  0.5928468E-02 -0.5201263E-01  0.5446042E-01 -0.2435203E+00  0.2552645E+00 -0.1034117E+01  0.0000000E+00  0.6425240E+00  0.4211797E+00  0.2801757E+00  0.1885716E+00  0.8782269E-01  0.4212224E-01 -0.6672618E+00  0.6939186E+00 -0.4389201E+00  0.4579983E+00  0.1070993E+01  0.0000000E+00
  0.4023610E-01  0.2312557E+00  0.1110681E-01  0.6294559E-01  0.1857408E-01  0.5802444E-02 -0.4217781E-01  0.4426122E-01 -0.2418710E+00  0.2532714E+00 -0.1033140E+01  0.0000000E+00  0.6411251E+00  0.4193492E+00  0.2783754E+00  0.1869854E+00  0.8675309E-01  0.4146031E-01 -0.6651663E+00  0.6910628E+00 -0.4365809E+00  0.4551085E+00  0.1069014E+01  0.0000000E+00
  0.3938666E-01  0.2307559E+00  0.1069663E-01  0.6263569E-01  0.1843107E-01  0.5742324E-02 -0.4122480E-01  0.4320326E-01 -0.2412197E+00  0.2524500E+00 -0.1032630E+01  0.0000000E+00  0.6405492E+00  0.4185802E+00  0.2776186E+00  0.1863057E+00  0.8628289E-01  0.4116178E-01 -0.6642195E+00  0.6897225E+00 -0.4355476E+00  0.4538068E+00  0.1067903E+01  0.0000000E+00
  0.4371244E-01  0.2286736E+00  0.1172045E-01  0.6172614E-01  0.1807972E-01  0.5610203E-02 -0.4566928E-01  0.4777214E-01 -0.2388428E+00  0.2497572E+00 -0.1031637E+01  0.0000000E+00  0.6385040E+00  0.4162178E+00  0.2754582E+00  0.1845070E+00  0.8515824E-01  0.4050180E-01 -0.6615236E+00  0.6863404E+00 -0.4327233E+00  0.4504686E+00  0.1065904E+01  0.0000000E+00
  0.4746898E-01  0.2273435E+00  0.1266573E-01  0.6114059E-01  0.1785793E-01  0.5527965E-02 -0.4951682E-01  0.5171710E-01 -0.2373208E+00  0.2480408E+00 -0.1030958E+01  0.0000000E+00  0.6372949E+00  0.4147694E+00  0.2741254E+00  0.1833837E+00  0.8445718E-01  0.4009248E-01 -0.6598702E+00  0.6841894E+00 -0.4309666E+00  0.4484028E+00  0.1064472E+01  0.0000000E+00
  0.2231445E-01  0.2255502E+00  0.6244028E-02  0.6032693E-01  0.1753009E-01  0.5399980E-02 -0.2338045E-01  0.2452525E-01 -0.2352674E+00  0.2456935E+00 -0.1030107E+01  0.0000000E+00  0.6360996E+00  0.4131929E+00  0.2725790E+00  0.1820276E+00  0.8355425E-01  0.3954220E-01 -0.6580946E+00  0.6817591E+00 -0.4289797E+00  0.4459466E+00  0.1062737E+01  0.0000000E+00
  0.2232968E-01  0.2241828E+00  0.6215727E-02  0.5972514E-01  0.1730096E-01  0.5314350E-02 -0.2338770E-01  0.2452192E-01 -0.2336757E+00  0.2438637E+00 -0.1029227E+01  0.0000000E+00  0.6342797E+00  0.4110757E+00  0.2706654E+00  0.1804469E+00  0.8258677E-01  0.3898335E-01 -0.6556790E+00  0.6787606E+00 -0.4264728E+00  0.4430281E+00  0.1060941E+01  0.0000000E+00
  0.5622570E-01  0.2231206E+00  0.1488707E-01  0.5926842E-01  0.1712923E-01  0.5251825E-02 -0.5861001E-01  0.6116568E-01 -0.2324544E+00  0.2424624E+00 -0.1028582E+01  0.0000000E+00  0.6331941E+00  0.4098581E+00  0.2695753E+00  0.1795470E+00  0.8203275E-01  0.3866239E-01 -0.6542061E+00  0.6768327E+00 -0.4249785E+00  0.4412379E+00  0.1059620E+01  0.0000000E+00
  0.4747228E-01  0.2212702E+00  0.1253559E-01  0.5842525E-01  0.1679903E-01  0.5126717E-02 -0.4946405E-01  0.5159761E-01 -0.2303363E+00  0.2400678E+00 -0.1027698E+01  0.0000000E+00  0.6316075E+00  0.4078625E+00  0.2676853E+00  0.1779411E+00  0.8101787E-01  0.3806916E-01 -0.6520069E+00  0.6739992E+00 -0.4225754E+00  0.4383814E+00  0.1057795E+01  0.0000000E+00
  0.3502067E-01  0.2202707E+00  0.9554946E-02  0.5800713E-01  0.1664803E-01  0.5073644E-02 -0.3662383E-01  0.3834337E-01 -0.2291755E+00  0.2387355E+00 -0.1027053E+01  0.0000000E+00  0.6307516E+00  0.4068678E+00  0.2667710E+00  0.1771836E+00  0.8055687E-01  0.3780425E-01 -0.6507410E+00  0.6722956E+00 -0.4212933E+00  0.4368168E+00  0.1056476E+01  0.0000000E+00
  0.4238388E-01  0.2179128E+00  0.1106619E-01  0.5707168E-01  0.1631149E-01  0.4953785E-02 -0.4409774E-01  0.4593296E-01 -0.2265540E+00  0.2358220E+00 -0.1025921E+01  0.0000000E+00  0.6283022E+00  0.4040574E+00  0.2642874E+00  0.1751603E+00  0.7935497E-01  0.3713182E-01 -0.6475688E+00  0.6683800E+00 -0.4180314E+00  0.4330443E+00  0.1054121E+01  0.0000000E+00
  0.5461029E-01  0.2166716E+00  0.1407455E-01  0.5653276E-01  0.1610717E-01  0.4878470E-02 -0.5670631E-01  0.5895393E-01 -0.2251182E+00  0.2341761E+00 -0.1025161E+01  0.0000000E+00  0.6269114E+00  0.4024342E+00  0.2628019E+00  0.1739270E+00  0.7859240E-01  0.3669028E-01 -0.6457033E+00  0.6660005E+00 -0.4160599E+00  0.4307336E+00  0.1052612E+01  0.0000000E+00
  0.4685516E-01  0.2145867E+00  0.1219102E-01  0.5567929E-01  0.1579552E-01  0.4766387E-02 -0.4874124E-01  0.5076184E-01 -0.2227846E+00  0.2315746E+00 -0.1024196E+01  0.0000000E+00  0.6250477E+00  0.4002399E+00  0.2608009E+00  0.1722826E+00  0.7760512E-01  0.3613547E-01 -0.6432105E+00  0.6628428E+00 -0.4134445E+00  0.4276676E+00  0.1050601E+01  0.0000000E+00
  0.3240732E-01  0.2134251E+00  0.8596735E-02  0.5524004E-01  0.1564661E-01  0.4716614E-02 -0.3374005E-01  0.3516664E-01 -0.2214770E+00  0.2301193E+00 -0.1023497E+01  0.0000000E+00  0.6239456E+00  0.3989552E+00  0.2596639E+00  0.1713500E+00  0.7705220E-01  0.3582745E-01 -0.6416678E+00  0.6608831E+00 -0.4119075E+00  0.4258302E+00  0.1049224E+01  0.0000000E+00
  0.3237743E-01  0.2121520E+00  0.8606215E-02  0.5462561E-01  0.1540016E-01  0.4622184E-02 -0.3371875E-01  0.3515665E-01 -0.2199818E+00  0.2283825E+00 -0.1022660E+01  0.0000000E+00  0.6225680E+00  0.3973118E+00  0.2581411E+00  0.1700733E+00  0.7626033E-01  0.3536564E-01 -0.6397555E+00  0.6583761E+00 -0.4098800E+00  0.4234155E+00  0.1047496E+01  0.0000000E+00
  0.2774426E-01  0.2101531E+00  0.7157931E-02  0.5393152E-01  0.1517692E-01  0.4550192E-02 -0.2876178E-01  0.2985574E-01 -0.2177784E+00  0.2259667E+00 -0.1021686E+01  0.0000000E+00  0.6201171E+00  0.3946314E+00  0.2558345E+00  0.1682545E+00  0.7522707E-01  0.3480810E-01 -0.6367380E+00  0.6547459E+00 -0.4068349E+00  0.4199797E+00  0.1045534E+01  0.0000000E+00
  0.3084388E-01  0.2083225E+00  0.7884183E-02  0.5317713E-01  0.1489983E-01  0.4450169E-02 -0.3196611E-01  0.3316631E-01 -0.2157149E+00  0.2236475E+00 -0.1020601E+01  0.0000000E+00  0.6181134E+00  0.3923387E+00  0.2538018E+00  0.1666009E+00  0.7424797E-01  0.3426399E-01 -0.6340857E+00  0.6514243E+00 -0.4041145E+00  0.4168197E+00  0.1043372E+01  0.0000000E+00
  0.3822169E-01  0.2074745E+00  0.9881844E-02  0.5274475E-01  0.1472624E-01  0.4384518E-02 -0.3968082E-01  0.4124243E-01 -0.2147136E+00  0.2224934E+00 -0.1020127E+01  0.0000000E+00  0.6176673E+00  0.3916975E+00  0.2531295E+00  0.1659912E+00  0.7382569E-01  0.3400360E-01 -0.6332960E+00  0.6502685E+00 -0.4032332E+00  0.4156874E+00  0.1042341E+01  0.0000000E+00
  0.4849694E-01  0.2049918E+00  0.1237594E-01  0.5180596E-01  0.1440228E-01  0.4272982E-02 -0.5025763E-01  0.5214253E-01 -0.2119718E+00  0.2194655E+00 -0.1018949E+01  0.0000000E+00  0.6151280E+00  0.3888611E+00  0.2506635E+00  0.1640237E+00  0.7269707E-01  0.3338680E-01 -0.6300067E+00  0.6462449E+00 -0.3999261E+00  0.4119056E+00  0.1039921E+01  0.0000000E+00
  0.2945634E-01  0.2041327E+00  0.7651252E-02  0.5143321E-01  0.1425773E-01  0.4218609E-02 -0.3056483E-01  0.3175020E-01 -0.2109777E+00  0.2183258E+00 -0.1018413E+01  0.0000000E+00  0.6141813E+00  0.3877575E+00  0.2496497E+00  0.1631748E+00  0.7216460E-01  0.3307379E-01 -0.6287380E+00  0.6446229E+00 -0.3986029E+00  0.4103329E+00  0.1038862E+01  0.0000000E+00
  0.3505846E-01  0.2023676E+00  0.9078523E-02  0.5072210E-01  0.1400908E-01  0.4133992E-02 -0.3637093E-01  0.3777906E-01 -0.2089940E+00  0.2161141E+00 -0.1017389E+01  0.0000000E+00  0.6125112E+00  0.3857800E+00  0.2478675E+00  0.1617264E+00  0.7132746E-01  0.3262237E-01 -0.6264805E+00  0.6417040E+00 -0.3962442E+00  0.4075616E+00  0.1036810E+01  0.0000000E+00
  0.3886499E-01  0.2010301E+00  0.9815970E-02  0.5024000E-01  0.1384773E-01  0.4079394E-02 -0.4021927E-01  0.4166758E-01 -0.2075144E+00  0.2144817E+00 -0.1016683E+01  0.0000000E+00  0.6109319E+00  0.3840312E+00  0.2463706E+00  0.1605386E+00  0.7064264E-01  0.3224457E-01 -0.6244536E+00  0.6392391E+00 -0.3942130E+00  0.4052584E+00  0.1035387E+01  0.0000000E+00
  0.3002802E-01  0.1992024E+00  0.7588174E-02  0.4951428E-01  0.1359106E-01  0.3989919E-02 -0.3104530E-01  0.3213681E-01 -0.2054578E+00  0.2121802E+00 -0.1015594E+01  0.0000000E+00  0.6091574E+00  0.3820049E+00  0.2445561E+00  0.1590650E+00  0.6978051E-01  0.3176834E-01 -0.6220433E+00  0.6361672E+00 -0.3917815E+00  0.4023825E+00  0.1033213E+01  0.0000000E+00
  0.4040578E-01  0.1973825E+00  0.1009423E-01  0.4877692E-01  0.1332447E-01  0.3895357E-02 -0.4171617E-01  0.4312158E-01 -0.2034125E+00  0.2098994E+00 -0.1014631E+01  0.0000000E+00  0.6069566E+00  0.3795279E+00  0.2423677E+00  0.1572999E+00  0.6874620E-01  0.3119717E-01 -0.6192262E+00  0.6327323E+00 -0.3889022E+00  0.3990884E+00  0.1031232E+01  0.0000000E+00
  0.3053574E-01  0.1960697E+00  0.7573286E-02  0.4833513E-01  0.1318356E-01  0.3849373E-02 -0.3150846E-01  0.3255533E-01 -0.2019949E+00  0.2083774E+00 -0.1013956E+01  0.0000000E+00  0.6054687E+00  0.3779760E+00  0.2411040E+00  0.1563444E+00  0.6824069E-01  0.3094130E-01 -0.6173838E+00  0.6305423E+00 -0.3871513E+00  0.3971275E+00  0.1029858E+01  0.0000000E+00
  0.3617735E-01  0.1944597E+00  0.9010335E-02  0.4770801E-01  0.1296748E-01  0.3776072E-02 -0.3735119E-01  0.3860813E-01 -0.2001676E+00  0.2063162E+00 -0.1012993E+01  0.0000000E+00  0.6036150E+00  0.3758135E+00  0.2391631E+00  0.1547593E+00  0.6730937E-01  0.3042738E-01 -0.6149455E+00  0.6274731E+00 -0.3845995E+00  0.3941689E+00  0.1027923E+01  0.0000000E+00
  0.2163896E-01  0.1929426E+00  0.5536345E-02  0.4709540E-01  0.1274824E-01  0.3699280E-02 -0.2237061E-01  0.2315349E-01 -0.1984650E+00  0.2044169E+00 -0.1012111E+01  0.0000000E+00  0.6018658E+00  0.3738616E+00  0.2374580E+00  0.1533944E+00  0.6651957E-01  0.2999542E-01 -0.6126554E+00  0.6246369E+00 -0.3823142E+00  0.3915290E+00  0.1026143E+01  0.0000000E+00
  0.3552397E-01  0.1912348E+00  0.8759609E-02  0.4648228E-01  0.1254447E-01  0.3631601E-02 -0.3658275E-01  0.3771955E-01 -0.1965893E+00  0.2023673E+00 -0.1011205E+01  0.0000000E+00  0.6002637E+00  0.3720602E+00  0.2358665E+00  0.1521223E+00  0.6578518E-01  0.2959371E-01 -0.6105425E+00  0.6219890E+00 -0.3801844E+00  0.3890696E+00  0.1024349E+01  0.0000000E+00
  0.3508088E-01  0.1887783E+00  0.8494949E-02  0.4553055E-01  0.1221214E-01  0.3516337E-02 -0.3605477E-01  0.3710567E-01 -0.1938534E+00  0.1993306E+00 -0.1009889E+01  0.0000000E+00  0.5971673E+00  0.3686115E+00  0.2329073E+00  0.1497834E+00  0.6446718E-01  0.2888747E-01 -0.6066498E+00  0.6172783E+00 -0.3762537E+00  0.3846191E+00  0.1021672E+01  0.0000000E+00
  0.2434785E-01  0.1880391E+00  0.6104840E-02  0.4527530E-01  0.1213380E-01  0.3492848E-02 -0.2510539E-01  0.2591929E-01 -0.1930426E+00  0.1984452E+00 -0.1009398E+01  0.0000000E+00  0.5962924E+00  0.3677163E+00  0.2321687E+00  0.1492226E+00  0.6416869E-01  0.2873451E-01 -0.6055221E+00  0.6159162E+00 -0.3752096E+00  0.3834324E+00  0.1020713E+01  0.0000000E+00
  0.2563938E-01  0.1850496E+00  0.6278532E-02  0.4421008E-01  0.1177807E-01  0.3373259E-02 -0.2639118E-01  0.2719747E-01 -0.1897564E+00  0.1948434E+00 -0.1007813E+01  0.0000000E+00  0.5930066E+00  0.3641193E+00  0.2290766E+00  0.1467762E+00  0.6278542E-01  0.2799168E-01 -0.6013447E+00  0.6107963E+00 -0.3710547E+00  0.3786856E+00  0.1017536E+01  0.0000000E+00
  0.3306372E-01  0.1850910E+00  0.7936120E-02  0.4415709E-01  0.1174660E-01  0.3359251E-02 -0.3396744E-01  0.3494017E-01 -0.1897549E+00  0.1947991E+00 -0.1007699E+01  0.0000000E+00  0.5933973E+00  0.3644532E+00  0.2293062E+00  0.1469193E+00  0.6282839E-01  0.2799660E-01 -0.6016539E+00  0.6110114E+00 -0.3713297E+00  0.3789019E+00  0.1017295E+01  0.0000000E+00
  0.3503037E-01  0.1827963E+00  0.8336288E-02  0.4331632E-01  0.1146339E-01  0.3264277E-02 -0.3595592E-01  0.3695684E-01 -0.1872473E+00  0.1920641E+00 -0.1006582E+01  0.0000000E+00  0.5907580E+00  0.3615384E+00  0.2267945E+00  0.1449345E+00  0.6171622E-01  0.2740541E-01 -0.5983482E+00  0.6070522E+00 -0.3680025E+00  0.3751591E+00  0.1015000E+01  0.0000000E+00
  0.2903557E-01  0.1814469E+00  0.6975964E-02  0.4283355E-01  0.1131056E-01  0.3216437E-02 -0.2979392E-01  0.3061146E-01 -0.1857349E+00  0.1903911E+00 -0.1005652E+01  0.0000000E+00  0.5890781E+00  0.3596592E+00  0.2251474E+00  0.1436339E+00  0.6099040E-01  0.2702575E-01 -0.5961643E+00  0.6043444E+00 -0.3658023E+00  0.3726298E+00  0.1013195E+01  0.0000000E+00
  0.2572998E-01  0.1801891E+00  0.6213456E-02  0.4238176E-01  0.1115823E-01  0.3164875E-02 -0.2644962E-01  0.2722226E-01 -0.1843549E+00  0.1888746E+00 -0.1004941E+01  0.0000000E+00  0.5877323E+00  0.3582370E+00  0.2239666E+00  0.1427136E+00  0.6047949E-01  0.2675042E-01 -0.5944318E+00  0.6022152E+00 -0.3641565E+00  0.3707547E+00  0.1011800E+01  0.0000000E+00
  0.2317742E-01  0.1770199E+00  0.5656838E-02  0.4130019E-01  0.1081152E-01  0.3052321E-02 -0.2382516E-01  0.2452006E-01 -0.1809345E+00  0.1851941E+00 -0.1003472E+01  0.0000000E+00  0.5838385E+00  0.3541491E+00  0.2205804E+00  0.1401318E+00  0.5909913E-01  0.2604407E-01 -0.5897560E+00  0.5967413E+00 -0.3596020E+00  0.3657181E+00  0.1008883E+01  0.0000000E+00
  0.2752527E-01  0.1757689E+00  0.6514929E-02  0.4079764E-01  0.1063481E-01  0.2991234E-02 -0.2819443E-01  0.2892020E-01 -0.1795139E+00  0.1835980E+00 -0.1002596E+01  0.0000000E+00  0.5825292E+00  0.3526106E+00  0.2192091E+00  0.1390217E+00  0.5845673E-01  0.2569155E-01 -0.5879256E+00  0.5943906E+00 -0.3577484E+00  0.3635345E+00  0.1007111E+01  0.0000000E+00
  0.2547100E-01  0.1747622E+00  0.6056690E-02  0.4046034E-01  0.1052997E-01  0.2958950E-02 -0.2613008E-01  0.2684061E-01 -0.1783894E+00  0.1823470E+00 -0.1001874E+01  0.0000000E+00  0.5811034E+00  0.3510669E+00  0.2178975E+00  0.1380071E+00  0.5790911E-01  0.2541291E-01 -0.5860943E+00  0.5921327E+00 -0.3559601E+00  0.3614902E+00  0.1005605E+01  0.0000000E+00
  0.3547205E-01  0.1728060E+00  0.8252472E-02  0.3974081E-01  0.1028839E-01  0.2877752E-02 -0.3627241E-01  0.3714390E-01 -0.1762457E+00  0.1800135E+00 -0.1000818E+01  0.0000000E+00  0.5790423E+00  0.3487638E+00  0.2158960E+00  0.1364200E+00  0.5701221E-01  0.2493322E-01 -0.5834625E+00  0.5889199E+00 -0.3533078E+00  0.3584940E+00  0.1003553E+01  0.0000000E+00
  0.1242260E-01  0.1710968E+00  0.3143260E-02  0.3916889E-01  0.1010800E-01  0.2820173E-02 -0.1280831E-01  0.1321956E-01 -0.1743852E+00  0.1779887E+00 -0.9998295E+00  0.0000000E+00  0.5766500E+00  0.3462619E+00  0.2138282E+00  0.1348399E+00  0.5616646E-01  0.2449519E-01 -0.5805150E+00  0.5854589E+00 -0.3504923E+00  0.3553430E+00  0.1001599E+01  0.0000000E+00
  0.3016746E-01  0.1686001E+00  0.7095638E-02  0.3835281E-01  0.9850318E-02  0.2736656E-02 -0.3087154E-01  0.3163264E-01 -0.1717054E+00  0.1751221E+00 -0.9986111E+00  0.0000000E+00  0.5738779E+00  0.3433499E+00  0.2114430E+00  0.1330414E+00  0.5523415E-01  0.2403205E-01 -0.5771341E+00  0.5814358E+00 -0.3472296E+00  0.3517219E+00  0.9991478E+00  0.0000000E+00
  0.2719504E-01  0.1680609E+00  0.6288441E-02  0.3811533E-01  0.9766772E-02  0.2708356E-02 -0.2778467E-01  0.2842372E-01 -0.1710703E+00  0.1743779E+00 -0.9980701E+00  0.0000000E+00  0.5730066E+00  0.3423815E+00  0.2105751E+00  0.1323332E+00  0.5480937E-01  0.2379420E-01 -0.5759435E+00  0.5799379E+00 -0.3460558E+00  0.3503500E+00  0.9980702E+00  0.0000000E+00
  0.2378007E-01  0.1663759E+00  0.5582185E-02  0.3748761E-01  0.9556171E-02  0.2638587E-02 -0.2430308E-01  0.2486851E-01 -0.1692091E+00  0.1723444E+00 -0.9970742E+00  0.0000000E+00  0.5711596E+00  0.3403135E+00  0.2088011E+00  0.1309272E+00  0.5401802E-01  0.2337255E-01 -0.5735567E+00  0.5769732E+00 -0.3436793E+00  0.3476257E+00  0.9961432E+00  0.0000000E+00
  0.2176183E-01  0.1647620E+00  0.5141523E-02  0.3697728E-01  0.9403691E-02  0.2592612E-02 -0.2224124E-01  0.2276040E-01 -0.1674640E+00  0.1704610E+00 -0.9961589E+00  0.0000000E+00  0.5690391E+00  0.3381044E+00  0.2069778E+00  0.1295587E+00  0.5330799E-01  0.2301887E-01 -0.5709698E+00  0.5739325E+00 -0.3411938E+00  0.3448699E+00  0.9943055E+00  0.0000000E+00
  0.2635403E-01  0.1624138E+00  0.6156971E-02  0.3613616E-01  0.9127258E-02  0.2501129E-02 -0.2692365E-01  0.2754173E-01 -0.1648950E+00  0.1676677E+00 -0.9948808E+00  0.0000000E+00  0.5663462E+00  0.3351372E+00  0.2044493E+00  0.1275743E+00  0.5221736E-01  0.2244802E-01 -0.5675662E+00  0.5698216E+00 -0.3378077E+00  0.3410534E+00  0.9917323E+00  0.0000000E+00
  0.2109000E-01  0.1609251E+00  0.4746879E-02  0.3566786E-01  0.8988735E-02  0.2460512E-02 -0.2145916E-01  0.2186677E-01 -0.1632804E+00  0.1659170E+00 -0.9938445E+00  0.0000000E+00  0.5642855E+00  0.3330951E+00  0.2028453E+00  0.1264074E+00  0.5164502E-01  0.2217731E-01 -0.5650022E+00  0.5667661E+00 -0.3354998E+00  0.3384742E+00  0.9897272E+00  0.0000000E+00
  0.3177379E-01  0.1591303E+00  0.6962314E-02  0.3504815E-01  0.8787087E-02  0.2393422E-02 -0.3223474E-01  0.3275073E-01 -0.1613360E+00  0.1638201E+00 -0.9929687E+00  0.0000000E+00  0.5622439E+00  0.3308764E+00  0.2009420E+00  0.1249181E+00  0.5081789E-01  0.2173933E-01 -0.5624757E+00  0.5637532E+00 -0.3329805E+00  0.3356572E+00  0.9879562E+00  0.0000000E+00
  0.1862488E-01  0.1573488E+00  0.4337995E-02  0.3446050E-01  0.8606319E-02  0.2337713E-02 -0.1901682E-01  0.1943902E-01 -0.1594052E+00  0.1617365E+00 -0.9918843E+00  0.0000000E+00  0.5596672E+00  0.3282617E+00  0.1988417E+00  0.1233594E+00  0.5001954E-01  0.2134210E-01 -0.5593742E+00  0.5601201E+00 -0.3300647E+00  0.3324496E+00  0.9858042E+00  0.0000000E+00
  0.2069121E-01  0.1561422E+00  0.4589295E-02  0.3406120E-01  0.8483840E-02  0.2299664E-02 -0.2101687E-01  0.2137886E-01 -0.1580892E+00  0.1603054E+00 -0.9910741E+00  0.0000000E+00  0.5580785E+00  0.3265610E+00  0.1974165E+00  0.1222526E+00  0.4941273E-01  0.2102703E-01 -0.5573788E+00  0.5577106E+00 -0.3281426E+00  0.3302812E+00  0.9842738E+00  0.0000000E+00
  0.1840691E-01  0.1541463E+00  0.4163373E-02  0.3343838E-01  0.8296872E-02  0.2241970E-02 -0.1872711E-01  0.1907739E-01 -0.1559346E+00  0.1579835E+00 -0.9898945E+00  0.0000000E+00  0.5554609E+00  0.3238626E+00  0.1952269E+00  0.1206070E+00  0.4856473E-01  0.2060555E-01 -0.5541683E+00  0.5539013E+00 -0.3251118E+00  0.3269102E+00  0.9818992E+00  0.0000000E+00
  0.2453925E-01  0.1521381E+00  0.5462682E-02  0.3278059E-01  0.8096156E-02  0.2180608E-02 -0.2496656E-01  0.2543515E-01 -0.1538035E+00  0.1557231E+00 -0.9889230E+00  0.0000000E+00  0.5533611E+00  0.3216558E+00  0.1934215E+00  0.1192570E+00  0.4787942E-01  0.2027213E-01 -0.5515890E+00  0.5508528E+00 -0.3226355E+00  0.3241895E+00  0.9800476E+00  0.0000000E+00
  0.2252327E-01  0.1507099E+00  0.4891919E-02  0.3233487E-01  0.7960401E-02  0.2137569E-02 -0.2280225E-01  0.2312098E-01 -0.1522276E+00  0.1539977E+00 -0.9878504E+00  0.0000000E+00  0.5509831E+00  0.3191547E+00  0.1913574E+00  0.1176848E+00  0.4704190E-01  0.1984285E-01 -0.5486579E+00  0.5473867E+00 -0.3198288E+00  0.3210626E+00  0.9778836E+00  0.0000000E+00
  0.2201410E-01  0.1491896E+00  0.4953449E-02  0.3181544E-01  0.7798668E-02  0.2087872E-02 -0.2237765E-01  0.2277658E-01 -0.1505863E+00  0.1522414E+00 -0.9870281E+00  0.0000000E+00  0.5492761E+00  0.3174115E+00  0.1899482E+00  0.1166312E+00  0.4650346E-01  0.1957774E-01 -0.5465370E+00  0.5448623E+00 -0.3178575E+00  0.3188637E+00  0.9762502E+00  0.0000000E+00
  0.1457107E-01  0.1478601E+00  0.3316609E-02  0.3132922E-01  0.7639446E-02  0.2036464E-02 -0.1483992E-01  0.1513492E-01 -0.1491250E+00  0.1506368E+00 -0.9862141E+00  0.0000000E+00  0.5476262E+00  0.3156303E+00  0.1884341E+00  0.1154484E+00  0.4585352E-01  0.1923716E-01 -0.5444629E+00  0.5423318E+00 -0.3158187E+00  0.3165587E+00  0.9746657E+00  0.0000000E+00
  0.2158503E-01  0.1463647E+00  0.4669625E-02  0.3086818E-01  0.7500152E-02  0.1992607E-02 -0.2184559E-01  0.2214184E-01 -0.1474995E+00  0.1488833E+00 -0.9851622E+00  0.0000000E+00  0.5452546E+00  0.3132440E+00  0.1865298E+00  0.1140390E+00  0.4513784E-01  0.1888464E-01 -0.5415915E+00  0.5389817E+00 -0.3131628E+00  0.3136266E+00  0.9725823E+00  0.0000000E+00
  0.2217086E-01  0.1449961E+00  0.4902232E-02  0.3041911E-01  0.7363107E-02  0.1950105E-02 -0.2248428E-01  0.2283216E-01 -0.1460271E+00  0.1473057E+00 -0.9842890E+00  0.0000000E+00  0.5435838E+00  0.3115264E+00  0.1851343E+00  0.1129916E+00  0.4459248E-01  0.1861177E-01 -0.5395005E+00  0.5364844E+00 -0.3112180E+00  0.3114587E+00  0.9709022E+00  0.0000000E+00
  0.1770296E-01  0.1421874E+00  0.3643387E-02  0.2959745E-01  0.7128344E-02  0.1880504E-02 -0.1779215E-01  0.1790851E-01 -0.1430399E+00  0.1441308E+00 -0.9827417E+00  0.0000000E+00  0.5396525E+00  0.3075575E+00  0.1819663E+00  0.1106561E+00  0.4343020E-01  0.1805068E-01 -0.5348316E+00  0.5310761E+00 -0.3068414E+00  0.3066970E+00  0.9678296E+00  0.0000000E+00
  0.1381815E-01  0.1410008E+00  0.3007855E-02  0.2914194E-01  0.6975561E-02  0.1830677E-02 -0.1395752E-01  0.1412030E-01 -0.1417187E+00  0.1426684E+00 -0.9817912E+00  0.0000000E+00  0.5379304E+00  0.3057517E+00  0.1804628E+00  0.1095052E+00  0.4280834E-01  0.1772920E-01 -0.5326303E+00  0.5283959E+00 -0.3047767E+00  0.3043424E+00  0.9659918E+00  0.0000000E+00
  0.1831710E-01  0.1386478E+00  0.3896023E-02  0.2845184E-01  0.6779876E-02  0.1773203E-02 -0.1850320E-01  0.1872028E-01 -0.1392422E+00  0.1400629E+00 -0.9806568E+00  0.0000000E+00  0.5351053E+00  0.3028226E+00  0.1780927E+00  0.1077416E+00  0.4191643E-01  0.1729582E-01 -0.5292674E+00  0.5245177E+00 -0.3015620E+00  0.3008398E+00  0.9637618E+00  0.0000000E+00
  0.1640328E-01  0.1381555E+00  0.3387458E-02  0.2829659E-01  0.6733759E-02  0.1759288E-02 -0.1652984E-01  0.1668308E-01 -0.1386967E+00  0.1394665E+00 -0.9801274E+00  0.0000000E+00  0.5343392E+00  0.3020432E+00  0.1774629E+00  0.1072674E+00  0.4166907E-01  0.1717186E-01 -0.5282503E+00  0.5232772E+00 -0.3006527E+00  0.2998187E+00  0.9627244E+00  0.0000000E+00
  0.9306230E-02  0.1358357E+00  0.2051750E-02  0.2757727E-01  0.6521136E-02  0.1695279E-02 -0.9448524E-02  0.9602007E-02 -0.1362208E+00  0.1368328E+00 -0.9787995E+00  0.0000000E+00  0.5309613E+00  0.2986398E+00  0.1747613E+00  0.1052804E+00  0.4068176E-01  0.1669539E-01 -0.5242530E+00  0.5186676E+00 -0.2969195E+00  0.2957580E+00  0.9601373E+00  0.0000000E+00
  0.1312855E-01  0.1341198E+00  0.2834326E-02  0.2709608E-01  0.6388832E-02  0.1657806E-02 -0.1327902E-01  0.1345009E-01 -0.1344034E+00  0.1349200E+00 -0.9776212E+00  0.0000000E+00  0.5286147E+00  0.2963254E+00  0.1729450E+00  0.1039704E+00  0.4005294E-01  0.1640323E-01 -0.5214078E+00  0.5153294E+00 -0.2943526E+00  0.2929383E+00  0.9578152E+00  0.0000000E+00
  0.1776516E-01  0.1328023E+00  0.3568969E-02  0.2667438E-01  0.6262552E-02  0.1619382E-02 -0.1782607E-01  0.1791580E-01 -0.1329784E+00  0.1333741E+00 -0.9767933E+00  0.0000000E+00  0.5265529E+00  0.2942323E+00  0.1712688E+00  0.1027191E+00  0.3941452E-01  0.1608647E-01 -0.5189289E+00  0.5124459E+00 -0.2920365E+00  0.2903999E+00  0.9561730E+00  0.0000000E+00
  0.1573654E-01  0.1315871E+00  0.3391368E-02  0.2632326E-01  0.6162977E-02  0.1590160E-02 -0.1590217E-01  0.1608732E-01 -0.1316858E+00  0.1320029E+00 -0.9760044E+00  0.0000000E+00  0.5247295E+00  0.2924605E+00  0.1699003E+00  0.1017430E+00  0.3893984E-01  0.1586139E-01 -0.5167766E+00  0.5099656E+00 -0.2900964E+00  0.2882980E+00  0.9546779E+00  0.0000000E+00
  0.1759583E-01  0.1297292E+00  0.3566219E-02  0.2578283E-01  0.6011371E-02  0.1546375E-02 -0.1766373E-01  0.1776144E-01 -0.1297349E+00  0.1299592E+00 -0.9748503E+00  0.0000000E+00  0.5221309E+00  0.2899110E+00  0.1679143E+00  0.1003010E+00  0.3824176E-01  0.1553202E-01 -0.5136814E+00  0.5064121E+00 -0.2873124E+00  0.2852716E+00  0.9524243E+00  0.0000000E+00
  0.1484477E-01  0.1285937E+00  0.3004680E-02  0.2539466E-01  0.5890305E-02  0.1508564E-02 -0.1489456E-01  0.1496826E-01 -0.1284873E+00  0.1286046E+00 -0.9741264E+00  0.0000000E+00  0.5205991E+00  0.2883176E+00  0.1666049E+00  0.9931501E-01  0.3772972E-01  0.1527741E-01 -0.5117770E+00  0.5041466E+00 -0.2855073E+00  0.2832521E+00  0.9510490E+00  0.0000000E+00
  0.1362243E-01  0.1261043E+00  0.2976448E-02  0.2470129E-01  0.5699145E-02  0.1453406E-02 -0.1374889E-01  0.1389559E-01 -0.1258708E+00  0.1258529E+00 -0.9725156E+00  0.0000000E+00  0.5169177E+00  0.2847033E+00  0.1637930E+00  0.9728727E-01  0.3675077E-01  0.1481634E-01 -0.5074337E+00  0.4991384E+00 -0.2815645E+00  0.2789885E+00  0.9479178E+00  0.0000000E+00
  0.1749737E-01  0.1251806E+00  0.3572227E-02  0.2437427E-01  0.5593494E-02  0.1419477E-02 -0.1757891E-01  0.1768430E-01 -0.1248545E+00  0.1247429E+00 -0.9718235E+00  0.0000000E+00  0.5160936E+00  0.2837465E+00  0.1629636E+00  0.9663163E-01  0.3638555E-01  0.1462398E-01 -0.5062366E+00  0.4976014E+00 -0.2804108E+00  0.2776484E+00  0.9465476E+00  0.0000000E+00
  0.1943724E-01  0.1227790E+00  0.3798249E-02  0.2372668E-01  0.5422472E-02  0.1372437E-02 -0.1942586E-01  0.1944433E-01 -0.1223416E+00  0.1221236E+00 -0.9704319E+00  0.0000000E+00  0.5120366E+00  0.2798600E+00  0.1599953E+00  0.9453037E-01  0.3541022E-01  0.1418302E-01 -0.5016198E+00  0.4924437E+00 -0.2762582E+00  0.2732414E+00  0.9438412E+00  0.0000000E+00
  0.1495451E-01  0.1215375E+00  0.2958162E-02  0.2332537E-01  0.5300259E-02  0.1334462E-02 -0.1493328E-01  0.1493596E-01 -0.1210053E+00  0.1206860E+00 -0.9695545E+00  0.0000000E+00  0.5100571E+00  0.2779228E+00  0.1584713E+00  0.9340443E-01  0.3484137E-01  0.1390236E-01 -0.4992731E+00  0.4897403E+00 -0.2741250E+00  0.2709092E+00  0.9421618E+00  0.0000000E+00
  0.2056973E-01  0.1203998E+00  0.4066629E-02  0.2301546E-01  0.5218328E-02  0.1312450E-02 -0.2058624E-01  0.2063436E-01 -0.1198013E+00  0.1194157E+00 -0.9686866E+00  0.0000000E+00  0.5082184E+00  0.2761405E+00  0.1571052E+00  0.9243560E-01  0.3438794E-01  0.1369627E-01 -0.4970592E+00  0.4871825E+00 -0.2721702E+00  0.2687755E+00  0.9405289E+00  0.0000000E+00
  0.1578913E-01  0.1186058E+00  0.2950166E-02  0.2250193E-01  0.5078251E-02  0.1273174E-02 -0.1572629E-01  0.1568944E-01 -0.1179190E+00  0.1174469E+00 -0.9677668E+00  0.0000000E+00  0.5059698E+00  0.2739199E+00  0.1553598E+00  0.9116903E-01  0.3376354E-01  0.1339597E-01 -0.4944217E+00  0.4841419E+00 -0.2697487E+00  0.2661482E+00  0.9386914E+00  0.0000000E+00
  0.1837713E-01  0.1173568E+00  0.3508271E-02  0.2215549E-01  0.4981960E-02  0.1245196E-02 -0.1833062E-01  0.1831109E-01 -0.1165852E+00  0.1160238E+00 -0.9667157E+00  0.0000000E+00  0.5037266E+00  0.2716947E+00  0.1536295E+00  0.8992250E-01  0.3317581E-01  0.1312701E-01 -0.4917258E+00  0.4810401E+00 -0.2673099E+00  0.2635189E+00  0.9366622E+00  0.0000000E+00
  0.1359560E-01  0.1162106E+00  0.2653873E-02  0.2181120E-01  0.4880271E-02  0.1214146E-02 -0.1354283E-01  0.1351215E-01 -0.1153645E+00  0.1147301E+00 -0.9659358E+00  0.0000000E+00  0.5018429E+00  0.2699125E+00  0.1522712E+00  0.8895691E-01  0.3270851E-01  0.1290287E-01 -0.4895311E+00  0.4785210E+00 -0.2653734E+00  0.2614155E+00  0.9351531E+00  0.0000000E+00
  0.1564511E-01  0.1139686E+00  0.2977112E-02  0.2116574E-01  0.4699234E-02  0.1161968E-02 -0.1556836E-01  0.1551785E-01 -0.1129912E+00  0.1122287E+00 -0.9645382E+00  0.0000000E+00  0.4987121E+00  0.2668526E+00  0.1499085E+00  0.8725642E-01  0.3189479E-01  0.1252441E-01 -0.4857582E+00  0.4741563E+00 -0.2620035E+00  0.2577435E+00  0.9324059E+00  0.0000000E+00
  0.9411703E-02  0.1126790E+00  0.1865642E-02  0.2082317E-01  0.4610352E-02  0.1137901E-02 -0.9408993E-02  0.9419732E-02 -0.1116482E+00  0.1108288E+00 -0.9635697E+00  0.0000000E+00  0.4963289E+00  0.2645548E+00  0.1481502E+00  0.8601213E-01  0.3131558E-01  0.1226118E-01 -0.4830500E+00  0.4711406E+00 -0.2595592E+00  0.2551627E+00  0.9306411E+00  0.0000000E+00
  0.1650020E-01  0.1118653E+00  0.3177991E-02  0.2060227E-01  0.4548244E-02  0.1119586E-02 -0.1641623E-01  0.1635612E-01 -0.1107880E+00  0.1099205E+00 -0.9629343E+00  0.0000000E+00  0.4950997E+00  0.2634219E+00  0.1473156E+00  0.8543274E-01  0.3104823E-01  0.1213662E-01 -0.4815651E+00  0.4693983E+00 -0.2583013E+00  0.2537903E+00  0.9293858E+00  0.0000000E+00
  0.1655557E-01  0.1093433E+00  0.3047626E-02  0.1990066E-01  0.4358384E-02  0.1066560E-02 -0.1646001E-01  0.1639390E-01 -0.1081412E+00  0.1071505E+00 -0.9612992E+00  0.0000000E+00  0.4912069E+00  0.2597306E+00  0.1445072E+00  0.8344612E-01  0.3011970E-01  0.1171114E-01 -0.4770212E+00  0.4642468E+00 -0.2543056E+00  0.2495006E+00  0.9262381E+00  0.0000000E+00
  0.1288437E-01  0.1080124E+00  0.2375776E-02  0.1953292E-01  0.4258950E-02  0.1038281E-02 -0.1277365E-01  0.1268422E-01 -0.1067372E+00  0.1056703E+00 -0.9603962E+00  0.0000000E+00  0.4889590E+00  0.2574815E+00  0.1427442E+00  0.8217251E-01  0.2950880E-01  0.1142683E-01 -0.4743749E+00  0.4612443E+00 -0.2518767E+00  0.2468864E+00  0.9244380E+00  0.0000000E+00
  0.1603671E-01  0.1071344E+00  0.3063622E-02  0.1930179E-01  0.4196613E-02  0.1020463E-02 -0.1596552E-01  0.1591500E-01 -0.1058055E+00  0.1046884E+00 -0.9596545E+00  0.0000000E+00  0.4875168E+00  0.2561159E+00  0.1417130E+00  0.8143809E-01  0.2915944E-01  0.1126339E-01 -0.4726450E+00  0.4592265E+00 -0.2503764E+00  0.2452497E+00  0.9230574E+00  0.0000000E+00
  0.1520233E-01  0.1056762E+00  0.2796626E-02  0.1886344E-01  0.4075292E-02  0.9866863E-03 -0.1505828E-01  0.1494352E-01 -0.1042682E+00  0.1030677E+00 -0.9587384E+00  0.0000000E+00  0.4852270E+00  0.2539321E+00  0.1400519E+00  0.8026349E-01  0.2861068E-01  0.1101435E-01 -0.4699883E+00  0.4562086E+00 -0.2480192E+00  0.2427237E+00  0.9212853E+00  0.0000000E+00
  0.1891251E-01  0.1046257E+00  0.3421363E-02  0.1860673E-01  0.4009816E-02  0.9688166E-03 -0.1871327E-01  0.1854699E-01 -0.1031686E+00  0.1019208E+00 -0.9577035E+00  0.0000000E+00  0.4833834E+00  0.2522016E+00  0.1387657E+00  0.7938337E-01  0.2822424E-01  0.1084625E-01 -0.4677648E+00  0.4536489E+00 -0.2461210E+00  0.2406840E+00  0.9193638E+00  0.0000000E+00
  0.1119236E-01  0.1018959E+00  0.2124868E-02  0.1787435E-01  0.3815947E-02  0.9152706E-03 -0.1112242E-01  0.1107085E-01 -0.1003312E+00  0.9897553E-01 -0.9561761E+00  0.0000000E+00  0.4795543E+00  0.2484897E+00  0.1359011E+00  0.7733472E-01  0.2725377E-01  0.1039827E-01 -0.4633220E+00  0.4486185E+00 -0.2421165E+00  0.2364045E+00  0.9163814E+00  0.0000000E+00
  0.1108988E-01  0.1015807E+00  0.2036711E-02  0.1778416E-01  0.3790658E-02  0.9082073E-03 -0.1097200E-01  0.1087537E-01 -0.9996887E-01  0.9856816E-01 -0.9556323E+00  0.0000000E+00  0.4785739E+00  0.2476235E+00  0.1352890E+00  0.7691529E-01  0.2706394E-01  0.1031154E-01 -0.4621336E+00  0.4472246E+00 -0.2411618E+00  0.2353535E+00  0.9153559E+00  0.0000000E+00
  0.1174800E-01  0.9956943E-01  0.2313742E-02  0.1726918E-01  0.3657073E-02  0.8712880E-03 -0.1169680E-01  0.1166367E-01 -0.9788074E-01  0.9640262E-01 -0.9542732E+00  0.0000000E+00  0.4749460E+00  0.2442433E+00  0.1327765E+00  0.7517889E-01  0.2628659E-01  0.9969337E-02 -0.4580221E+00  0.4426627E+00 -0.2375828E+00  0.2315741E+00  0.9127477E+00  0.0000000E+00
  0.1167198E-01  0.9823675E-01  0.2120511E-02  0.1689823E-01  0.3556651E-02  0.8432650E-03 -0.1155453E-01  0.1145824E-01 -0.9648974E-01  0.9495357E-01 -0.9533981E+00  0.0000000E+00  0.4732284E+00  0.2425670E+00  0.1314831E+00  0.7425225E-01  0.2584587E-01  0.9764597E-02 -0.4559399E+00  0.4402511E+00 -0.2357402E+00  0.2295800E+00  0.9110688E+00  0.0000000E+00
  0.1053305E-01  0.9697658E-01  0.1887594E-02  0.1659611E-01  0.3484775E-02  0.8256889E-03 -0.1042209E-01  0.1032986E-01 -0.9518515E-01  0.9360658E-01 -0.9524256E+00  0.0000000E+00  0.4710818E+00  0.2405427E+00  0.1299728E+00  0.7320539E-01  0.2537803E-01  0.9560351E-02 -0.4534507E+00  0.4374337E+00 -0.2335662E+00  0.2272697E+00  0.9092552E+00  0.0000000E+00
  0.9745547E-02  0.9574887E-01  0.1743916E-02  0.1624653E-01  0.3386731E-02  0.7971677E-03 -0.9638907E-02  0.9547598E-02 -0.9389284E-01  0.9224969E-01 -0.9515318E+00  0.0000000E+00  0.4691043E+00  0.2387493E+00  0.1286414E+00  0.7227474E-01  0.2494084E-01  0.9355423E-02 -0.4511531E+00  0.4348398E+00 -0.2316288E+00  0.2251870E+00  0.9075174E+00  0.0000000E+00
  0.1000402E-01  0.9517774E-01  0.1881450E-02  0.1611267E-01  0.3351915E-02  0.7873299E-03 -0.9927134E-02  0.9865848E-02 -0.9329145E-01  0.9162201E-01 -0.9508224E+00  0.0000000E+00  0.4678192E+00  0.2376358E+00  0.1278695E+00  0.7176914E-01  0.2473049E-01  0.9266273E-02 -0.4496117E+00  0.4330854E+00 -0.2304206E+00  0.2238836E+00  0.9061936E+00  0.0000000E+00
