  0.6046883E+00  0.3663203E+00  0.2223089E+00  0.1351516E+00  0.5020273E-01  0.1876722E-01 -0.9570740E+00  0.1514878E+01 -0.5798801E+00  0.9180096E+00 -0.1579916E+01  0.0000000E+00  0.7396711E+00  0.5476062E+00  0.4057421E+00  0.3008783E+00  0.1658508E+00  0.9170057E-01 -0.1170645E+01  0.1852858E+01 -0.8667463E+00  0.1371959E+01  0.2504185E+01  0.0000000E+00
  0.5891555E+00  0.3478577E+00  0.2058192E+00  0.1220282E+00  0.4314619E-01  0.1536963E-01 -0.9230855E+00  0.1446393E+01 -0.5451180E+00  0.8543032E+00 -0.1565369E+01  0.0000000E+00  0.7290441E+00  0.5320075E+00  0.3885877E+00  0.2840889E+00  0.1522322E+00  0.8185097E-01 -0.1142182E+01  0.1789567E+01 -0.8335723E+00  0.1306172E+01  0.2454599E+01  0.0000000E+00
 -0.5727088E+00  0.3288746E+00 -0.1893311E+00  0.1092625E+00  0.3664271E-01  0.1239624E-01  0.8878748E+00 -0.1376533E+01 -0.5099583E+00  0.7907883E+00 -0.1552288E+01  0.0000000E+00  0.7164276E+00  0.5138232E+00  0.3689055E+00  0.2651396E+00  0.1373667E+00  0.7144231E-01 -0.1110547E+01  0.1721605E+01 -0.7965697E+00  0.1235069E+01  0.2401977E+01  0.0000000E+00
  0.5544053E+00  0.3083686E+00  0.1720468E+00  0.9626900E-01  0.3039139E-01  0.9694157E-02 -0.8498282E+00  0.1302793E+01 -0.4728007E+00  0.7249765E+00 -0.1532802E+01  0.0000000E+00  0.7039015E+00  0.4961163E+00  0.3500821E+00  0.2473420E+00  0.1238850E+00  0.6232195E-01 -0.1078881E+01  0.1653701E+01 -0.7605014E+00  0.1165873E+01  0.2349025E+01  0.0000000E+00
 -0.2059394E+00  0.2866300E+00 -0.5950824E-01  0.8346699E-01  0.2465095E-01  0.7372844E-02  0.3119056E+00 -0.4724590E+00 -0.4342501E+00  0.6579938E+00 -0.1512203E+01  0.0000000E+00  0.6895583E+00  0.4761983E+00  0.3293307E+00  0.2280795E+00  0.1098304E+00  0.5315866E-01 -0.1044246E+01  0.1581568E+01 -0.7212770E+00  0.1092582E+01  0.2292576E+01  0.0000000E+00
 -0.3562593E+00  0.2635823E+00 -0.9493574E-01  0.7090794E-01  0.1941286E-01  0.5398373E-02  0.5327020E+00 -0.7966291E+00 -0.3942690E+00  0.5897946E+00 -0.1495439E+01  0.0000000E+00  0.6727129E+00  0.4533843E+00  0.3061101E+00  0.2070306E+00  0.9516216E-01  0.4401382E-01 -0.1005694E+01  0.1503635E+01 -0.6779287E+00  0.1013830E+01  0.2234363E+01  0.0000000E+00
 -0.5684930E-01  0.2378858E+00 -0.1383313E-01  0.5825962E-01  0.1460700E-01  0.3737167E-02  0.8385674E-01 -0.1237058E+00 -0.3509537E+00  0.5178306E+00 -0.1474637E+01  0.0000000E+00  0.6539274E+00  0.4286748E+00  0.2816699E+00  0.1854907E+00  0.8095040E-01  0.3560342E-01 -0.9640421E+00  0.1421465E+01 -0.6321636E+00  0.9323245E+00  0.2172507E+01  0.0000000E+00
 -0.1930989E+00  0.2086822E+00 -0.4124615E-01  0.4558894E-01  0.1029384E-01  0.2388169E-02  0.2804219E+00 -0.4072750E+00 -0.3032682E+00  0.4407940E+00 -0.1450157E+01  0.0000000E+00  0.6302360E+00  0.3986741E+00  0.2530495E+00  0.1611229E+00  0.6589663E-01  0.2723815E-01 -0.9150193E+00  0.1328636E+01 -0.5790231E+00  0.8410552E+00  0.2106480E+01  0.0000000E+00
  0.3117616E-01  0.1744338E+00  0.5742350E-02  0.3290488E-01  0.6519542E-02  0.1341785E-02 -0.4454070E-01  0.6364407E-01 -0.2492812E+00  0.3563184E+00 -0.1426884E+01  0.0000000E+00  0.5989720E+00  0.3610957E+00  0.2189357E+00  0.1334146E+00  0.5021259E-01  0.1919756E-01 -0.8547472E+00  0.1219979E+01 -0.5155750E+00  0.7362859E+00  0.2034413E+01  0.0000000E+00
  0.1650999E-01  0.1308504E+00  0.2451216E-02  0.2021896E-01  0.3388422E-02  0.6012703E-03 -0.2312496E-01  0.3239742E-01 -0.1835026E+00  0.2574030E+00 -0.1397053E+01  0.0000000E+00  0.5516970E+00  0.3088631E+00  0.1749739E+00  0.1001088E+00  0.3358158E-01  0.1156972E-01 -0.7717470E+00  0.1079818E+01 -0.4324654E+00  0.6056610E+00  0.1953156E+01  0.0000000E+00
  0.2176948E-01  0.7961440E-01  0.2268570E-02  0.9184603E-02  0.1224528E-02  0.1788607E-03 -0.2981042E-01  0.4083139E-01 -0.1092349E+00  0.1499129E+00 -0.1363651E+01  0.0000000E+00  0.4741935E+00  0.2332278E+00  0.1179315E+00  0.6095611E-01  0.1712923E-01  0.5066908E-02 -0.6477733E+00  0.8851144E+00 -0.3191217E+00  0.4367609E+00  0.1859341E+01  0.0000000E+00
  0.3642602E-02  0.3801086E-01  0.2972976E-03  0.2885828E-02  0.2822907E-03  0.3200903E-04 -0.4908802E-02  0.6616799E-02 -0.5085375E-01  0.6805603E-01 -0.1325891E+01  0.0000000E+00  0.3781902E+00  0.1530731E+00  0.6526960E-01  0.2900176E-01  0.6293677E-02  0.1499913E-02 -0.5028628E+00  0.6688393E+00 -0.2040185E+00  0.2719983E+00  0.1759141E+01  0.0000000E+00
  0.1885178E-02  0.1683253E-01  0.8371936E-04  0.7484899E-03  0.4901386E-04  0.4013674E-05 -0.2469671E-02  0.3236158E-02 -0.2190639E-01  0.2852106E-01 -0.1290404E+01  0.0000000E+00  0.2941190E+00  0.9498083E-01  0.3300641E-01  0.1217235E-01  0.1903903E-02  0.3431558E-03 -0.3805132E+00  0.4924456E+00 -0.1231924E+00  0.1598367E+00  0.1665139E+01  0.0000000E+00
  0.1344259E-02  0.8687234E-02  0.3309768E-04  0.2219365E-03  0.9155570E-05  0.5076597E-06 -0.1699946E-02  0.2150501E-02 -0.1100247E-01  0.1394046E-01 -0.1257564E+01  0.0000000E+00  0.2364424E+00  0.6217960E-01  0.1779205E-01  0.5458469E-02  0.6081620E-03  0.8095607E-04 -0.2981319E+00  0.3760273E+00 -0.7858741E-01  0.9935737E-01  0.1582397E+01  0.0000000E+00
  0.2022024E-04  0.5457463E-02  0.4150153E-05  0.8985274E-04  0.2477909E-05  0.9619245E-07 -0.3432022E-04  0.5411680E-04 -0.6736900E-02  0.8319093E-02 -0.1227727E+01  0.0000000E+00  0.1981519E+00  0.4402540E-01  0.1071778E-01  0.2815309E-02  0.2341011E-03  0.2379576E-04 -0.2437992E+00  0.3000625E+00 -0.5428745E-01  0.6696290E-01  0.1507341E+01  0.0000000E+00
  0.4309273E-03  0.3798669E-02  0.6232224E-05  0.4336342E-04  0.8261465E-06  0.2200764E-07 -0.5245060E-03  0.6384994E-03 -0.4575895E-02  0.5514211E-02 -0.1199082E+01  0.0000000E+00  0.1690665E+00  0.3219341E-01  0.6742425E-02  0.1528595E-02  0.9547411E-04  0.7364992E-05 -0.2031759E+00  0.2442537E+00 -0.3876594E-01  0.4669569E-01  0.1438744E+01  0.0000000E+00
 -0.1548877E-03  0.2849167E-02 -0.6361932E-06  0.2433529E-04  0.3476633E-06  0.6982753E-08  0.1741281E-03 -0.1954083E-03 -0.3354056E-02  0.3949724E-02 -0.1172982E+01  0.0000000E+00  0.1478732E+00  0.2471290E-01  0.4556641E-02  0.9120201E-03  0.4469267E-04  0.2722657E-05 -0.1737439E+00  0.2042126E+00 -0.2908985E-01  0.3425379E-01  0.1375861E+01  0.0000000E+00
  0.2349542E-04  0.2288929E-02  0.3202903E-06  0.1571492E-04  0.1793682E-06  0.2844998E-08 -0.2916885E-04  0.3597285E-04 -0.2636106E-02  0.3037053E-02 -0.1147677E+01  0.0000000E+00  0.1322030E+00  0.1979810E-01  0.3277432E-02  0.5899141E-03  0.2349750E-04  0.1171968E-05 -0.1520060E+00  0.1748451E+00 -0.2280393E-01  0.2627432E-01  0.1317916E+01  0.0000000E+00
  0.4670149E-04  0.1881088E-02  0.4994687E-06  0.1064616E-04  0.1007477E-06  0.1341060E-08 -0.5328831E-04  0.6082369E-04 -0.2121491E-02  0.2393461E-02 -0.1124324E+01  0.0000000E+00  0.1199650E+00  0.1632022E-01  0.2456901E-02  0.4026781E-03  0.1335959E-04  0.5589719E-06 -0.1350987E+00  0.1521989E+00 -0.1840869E-01  0.2077291E-01  0.1264517E+01  0.0000000E+00
  0.8476777E-04  0.1592222E-02  0.6300326E-06  0.7635637E-05  0.6104153E-07  0.6802175E-09 -0.9677072E-04  0.1103437E-03 -0.1759404E-02  0.1944848E-02 -0.1101952E+01  0.0000000E+00  0.1099467E+00  0.1371947E-01  0.1895864E-02  0.2853201E-03  0.7972843E-05  0.2796330E-06 -0.1213303E+00  0.1339468E+00 -0.1516332E-01  0.1676547E-01  0.1214593E+01  0.0000000E+00
