  0.8854641E-01  0.3634671E+00  0.3229724E-01  0.1345934E+00  0.5062763E-01  0.1930869E-01 -0.1401531E+00  0.2218825E+00 -0.5756323E+00  0.9117815E+00 -0.1581710E+01  0.0000000E+00  0.7476476E+00  0.5597604E+00  0.4196894E+00  0.3150764E+00  0.1782429E+00  0.1013207E+00 -0.1183398E+01  0.1873432E+01 -0.8862082E+00  0.1403272E+01  0.2504566E+01  0.0000000E+00
  0.1278587E+00  0.3452832E+00  0.4472256E-01  0.1218258E+00  0.4375663E-01  0.1596192E-01 -0.2003516E+00  0.3139900E+00 -0.5414261E+00  0.8491234E+00 -0.1566189E+01  0.0000000E+00  0.7372929E+00  0.5444381E+00  0.4026440E+00  0.2982074E+00  0.1642477E+00  0.9093770E-01 -0.1155373E+01  0.1810839E+01 -0.8533776E+00  0.1337829E+01  0.2454941E+01  0.0000000E+00
  0.1395364E-01  0.3258563E+00  0.4703716E-02  0.1089649E+00  0.3719591E-01  0.1292376E-01 -0.2160808E-01  0.3347691E-01 -0.5055899E+00  0.7846138E+00 -0.1550615E+01  0.0000000E+00  0.7252371E+00  0.5269260E+00  0.3835065E+00  0.2795997E+00  0.1493128E+00  0.8021635E-01 -0.1124406E+01  0.1743675E+01 -0.8171830E+00  0.1267565E+01  0.2402818E+01  0.0000000E+00
 -0.5274761E-01  0.3057058E+00 -0.1649631E-01  0.9643269E-01  0.3116085E-01  0.1027565E-01  0.8087924E-01 -0.1240404E+00 -0.4690688E+00  0.7198672E+00 -0.1532761E+01  0.0000000E+00  0.7128702E+00  0.5092477E+00  0.3645391E+00  0.2614559E+00  0.1352314E+00  0.7042735E-01 -0.1092850E+01  0.1675676E+01 -0.7809418E+00  0.1197826E+01  0.2349157E+01  0.0000000E+00
  0.1242357E+00  0.2837032E+00  0.3595027E-01  0.8375782E-01  0.2545428E-01  0.7922518E-02 -0.1883046E+00  0.2854777E+00 -0.4302035E+00  0.6524816E+00 -0.1513694E+01  0.0000000E+00  0.7001332E+00  0.4914107E+00  0.3457246E+00  0.2437745E+00  0.1219644E+00  0.6149608E-01 -0.1060515E+01  0.1606778E+01 -0.7446356E+00  0.1128619E+01  0.2293134E+01  0.0000000E+00
  0.3838230E-01  0.2603272E+00  0.1021919E-01  0.7132601E-01  0.2024096E-01  0.5909171E-02 -0.5749376E-01  0.8614065E-01 -0.3897903E+00  0.5838178E+00 -0.1494719E+01  0.0000000E+00  0.6835326E+00  0.4687019E+00  0.3223423E+00  0.2223096E+00  0.1065615E+00  0.5156764E-01 -0.1022148E+01  0.1528904E+01 -0.7011999E+00  0.1049315E+01  0.2234557E+01  0.0000000E+00
  0.6470351E-01  0.2344849E+00  0.1592211E-01  0.5894832E-01  0.1548795E-01  0.4212108E-02 -0.9557191E-01  0.1412103E+00 -0.3463655E+00  0.5117617E+00 -0.1473891E+01  0.0000000E+00  0.6647975E+00  0.4438479E+00  0.2974977E+00  0.2001171E+00  0.9144976E-01  0.4228831E-01 -0.9803221E+00  0.1446010E+01 -0.6548769E+00  0.9665562E+00  0.2172358E+01  0.0000000E+00
  0.3482612E-01  0.2056554E+00  0.7708285E-02  0.4669001E-01  0.1121927E-01  0.2813171E-02 -0.5067264E-01  0.7375129E-01 -0.2993154E+00  0.4357690E+00 -0.1450820E+01  0.0000000E+00  0.6419502E+00  0.4146050E+00  0.2692285E+00  0.1756883E+00  0.7580250E-01  0.3321390E-01 -0.9322146E+00  0.1354185E+01 -0.6025382E+00  0.8759322E+00  0.2106010E+01  0.0000000E+00
  0.2025965E-01  0.1729903E+00  0.4013856E-02  0.3472469E-01  0.7517110E-02  0.1717643E-02 -0.2906980E-01  0.4172461E-01 -0.2477470E+00  0.3549475E+00 -0.1425981E+01  0.0000000E+00  0.6125800E+00  0.3789068E+00  0.2363334E+00  0.1484829E+00  0.5972679E-01  0.2454436E-01 -0.8745346E+00  0.1249023E+01 -0.5415262E+00  0.7742807E+00  0.2034181E+01  0.0000000E+00
  0.2610048E-01  0.1374532E+00  0.4406852E-02  0.2376243E-01  0.4551811E-02  0.9344887E-03 -0.3676934E-01  0.5182058E-01 -0.1934014E+00  0.2722460E+00 -0.1398258E+01  0.0000000E+00  0.5750011E+00  0.3360691E+00  0.1990575E+00  0.1192353E+00  0.4398768E-01  0.1672709E-01 -0.8054194E+00  0.1128733E+01 -0.4714796E+00  0.6617525E+00  0.1956090E+01  0.0000000E+00
  0.1116945E-01  0.9892083E-01  0.1622478E-02  0.1410435E-01  0.2325232E-02  0.4204775E-03 -0.1547457E-01  0.2144677E-01 -0.1364253E+00  0.1882481E+00 -0.1366704E+01  0.0000000E+00  0.5229563E+00  0.2815332E+00  0.1550363E+00  0.8695184E-01  0.2857247E-01  0.9826204E-02 -0.7166142E+00  0.9825425E+00 -0.3866756E+00  0.5313597E+00  0.1868970E+01  0.0000000E+00
  0.3927625E-02  0.6440362E-01  0.5753045E-03  0.7206946E-02  0.9896136E-03  0.1537105E-03 -0.5405448E-02  0.7439472E-02 -0.8686736E-01  0.1172442E+00 -0.1332494E+01  0.0000000E+00  0.4605106E+00  0.2223644E+00  0.1113344E+00  0.5737196E-01  0.1628606E-01  0.4946846E-02 -0.6158598E+00  0.8241969E+00 -0.2983140E+00  0.4004681E+00  0.1776771E+01  0.0000000E+00
  0.4540090E-02  0.3846664E-01  0.4836693E-03  0.3180521E-02  0.3499666E-03  0.4553104E-04 -0.6067402E-02  0.8112439E-02 -0.5061601E-01  0.6665063E-01 -0.1297202E+01  0.0000000E+00  0.3943832E+00  0.1664388E+00  0.7399910E-01  0.3429485E-01  0.8109751E-02  0.2112533E-02 -0.5138190E+00  0.6699335E+00 -0.2176792E+00  0.2849048E+00  0.1684009E+01  0.0000000E+00
  0.1217836E-02  0.2313280E-01  0.1330822E-03  0.1361837E-02  0.1157612E-03  0.1218103E-04 -0.1607067E-02  0.2120332E-02 -0.2966272E-01  0.3806185E-01 -0.1263557E+01  0.0000000E+00  0.3363577E+00  0.1232393E+00  0.4824847E-01  0.1992201E-01  0.3846339E-02  0.8421988E-03 -0.4269986E+00  0.5424690E+00 -0.1571083E+00  0.2004404E+00  0.1597791E+01  0.0000000E+00
  0.1191791E-02  0.1441317E-01  0.6497712E-04  0.5869634E-03  0.3723243E-04  0.3080034E-05 -0.1523423E-02  0.1947663E-02 -0.1798850E-01  0.2246900E-01 -0.1231743E+01  0.0000000E+00  0.2880846E+00  0.9152974E-01  0.3139893E-01  0.1146550E-01  0.1773023E-02  0.3194193E-03 -0.3564511E+00  0.4414026E+00 -0.1137297E+00  0.1414234E+00  0.1518316E+01  0.0000000E+00
 -0.7711572E-03  0.9713379E-02 -0.1084466E-04  0.2792186E-03  0.1303466E-04  0.8221362E-06  0.9279992E-03 -0.1117155E-02 -0.1181279E-01  0.1437832E-01 -0.1202336E+01  0.0000000E+00  0.2499209E+00  0.6952351E-01  0.2104770E-01  0.6829880E-02  0.8494039E-03  0.1257288E-03 -0.3017927E+00  0.3647322E+00 -0.8429781E-01  0.1022932E+00  0.1446745E+01  0.0000000E+00
 -0.8202728E-03  0.7173127E-02 -0.1641070E-04  0.1548606E-03  0.5540646E-05  0.2727112E-06  0.9749994E-03 -0.1159662E-02 -0.8513508E-02  0.1011252E-01 -0.1175117E+01  0.0000000E+00  0.2215040E+00  0.5490424E-01  0.1488304E-01  0.4344006E-02  0.4428035E-03  0.5460364E-04 -0.2613664E+00  0.3086430E+00 -0.6503866E-01  0.7710595E-01  0.1382008E+01  0.0000000E+00
 -0.1001205E-02  0.5522674E-02 -0.1178184E-04  0.9185712E-04  0.2550423E-05  0.9891755E-07  0.1151801E-02 -0.1326281E-02 -0.6403067E-02  0.7430456E-02 -0.1149473E+01  0.0000000E+00  0.1983047E+00  0.4419375E-01  0.1081138E-01  0.2857798E-02  0.2412606E-03  0.2493050E-04 -0.2288281E+00  0.2642674E+00 -0.5118821E-01  0.5933839E-01  0.1322384E+01  0.0000000E+00
 -0.1213182E-02  0.4494105E-02 -0.1584352E-04  0.6111248E-04  0.1393124E-05  0.4457293E-07  0.1377021E-02 -0.1564072E-02 -0.5098257E-02  0.5788631E-02 -0.1125685E+01  0.0000000E+00  0.1803102E+00  0.3665768E-01  0.8204602E-02  0.1989358E-02  0.1422748E-03  0.1256167E-04 -0.2037187E+00  0.2303582E+00 -0.4156319E-01  0.4716562E-01  0.1268210E+01  0.0000000E+00
 -0.8123047E-03  0.3749556E-02 -0.8457620E-05  0.4216868E-04  0.7911663E-06  0.2078214E-07  0.9035914E-03 -0.1006166E-02 -0.4165179E-02  0.4630783E-02 -0.1103108E+01  0.0000000E+00  0.1654178E+00  0.3091393E-01  0.6371066E-02  0.1424466E-02  0.8699075E-04  0.6598363E-05 -0.1831084E+00  0.2028595E+00 -0.3433638E-01  0.3816975E-01  0.1217839E+01  0.0000000E+00
