  0.6159734E+00  0.1314466E-01  0.1351127E+01  0.1087747E+01  0.6480377E+00  0.5773293E-02 -0.6886601E-02  0.1618373E-02
  0.1850567E+00  0.1487099E+00  0.1640293E+01  0.9998424E+01  0.5827955E+00  0.3738366E-01 -0.2993846E-02  0.1208936E-02
  0.2107601E+00  0.1360857E+00  0.9069229E+00  0.8871843E+01  0.5593594E+00  0.4557890E-01 -0.3137836E-02  0.1413518E-02
  0.1685472E+00  0.1331172E+00  0.1310494E+01  0.8695215E+01  0.5701756E+00  0.4268427E-01 -0.3067321E-02  0.1205246E-02
  0.2083684E+00  0.1340119E+00 -0.4787177E+00  0.9336894E+01  0.5783019E+00  0.3491091E-01 -0.2780422E-02  0.1186235E-02
  0.2163930E+00  0.1462242E+00 -0.1259200E+01  0.1059225E+02  0.5681847E+00  0.5211908E-01 -0.2668209E-02  0.1133580E-02
  0.2376565E+00  0.1459408E+00  0.4570257E+00  0.9317608E+01  0.5810590E+00  0.4413236E-01 -0.3332315E-02  0.1621990E-02
  0.2062824E+00  0.1366823E+00  0.3238646E+01  0.8808460E+01  0.5607848E+00  0.6125683E-01 -0.3391926E-02  0.1330673E-02
  0.2098227E+00  0.9989431E-01  0.8919953E+00  0.9565105E+01  0.5686489E+00  0.5529944E-01 -0.3175165E-02  0.1211302E-02
  0.1787239E+00  0.1061375E+00  0.2142350E+01  0.9487207E+01  0.5708381E+00  0.5181835E-01 -0.3117188E-02  0.1132660E-02
