 -0.9967506E-02  0.6487845E-01  0.5470403E+00  0.8750545E+00  0.4923380E+00  0.1227714E-01 -0.6526828E-02  0.9185962E-03
  0.1682097E+00  0.1566436E+00 -0.5841940E+01  0.1649924E+02  0.5601781E+00  0.4213531E-01 -0.1718133E-02  0.7175918E-03
  0.1268495E+00  0.1467758E+00 -0.5570170E+01  0.1524546E+02  0.5461992E+00  0.3713121E-01 -0.1472796E-02  0.7677799E-03
  0.9859730E-01  0.1320473E+00 -0.4732553E+01  0.1572377E+02  0.5458688E+00  0.4478660E-01 -0.1927244E-02  0.9085969E-03
  0.1703070E+00  0.1574468E+00 -0.5919263E+01  0.1614816E+02  0.5479972E+00  0.4313268E-01 -0.1855994E-02  0.6091649E-03
  0.2118924E+00  0.1681171E+00 -0.7930102E+01  0.1613806E+02  0.5566977E+00  0.3700676E-01 -0.1642746E-02  0.9216261E-03
  0.1033332E+00  0.1456614E+00 -0.3809823E+01  0.1498308E+02  0.5609570E+00  0.3562379E-01 -0.1954363E-02  0.7112948E-03
  0.1420734E+00  0.1324153E+00 -0.8731882E+01  0.1386976E+02  0.5551218E+00  0.4540858E-01 -0.1614870E-02  0.6686137E-03
  0.1658043E+00  0.1322917E+00 -0.1159908E+02  0.1260681E+02  0.5487822E+00  0.4456486E-01 -0.1891290E-02  0.6787485E-03
  0.1472657E+00  0.1352553E+00 -0.8761744E+01  0.1529778E+02  0.5527717E+00  0.4283955E-01 -0.1704388E-02  0.5794787E-03
