  0.6198533E+00  0.6646726E-02  0.1067326E+01  0.1294358E+01  0.6499392E+00  0.3568130E-02 -0.6537831E-02  0.1025011E-02
  0.2377079E+00  0.1012757E+00  0.4636696E+00  0.1005557E+02  0.5819284E+00  0.3789169E-01 -0.2535991E-02  0.1353880E-02
  0.2409680E+00  0.1312940E+00  0.1853516E+01  0.9671597E+01  0.5625122E+00  0.5332514E-01 -0.2984890E-02  0.8891175E-03
  0.1524422E+00  0.1522054E+00 -0.3262472E+00  0.8670181E+01  0.5636290E+00  0.5325110E-01 -0.2923161E-02  0.1123113E-02
  0.1896630E+00  0.1675235E+00 -0.5719302E+00  0.9265038E+01  0.5789794E+00  0.3310424E-01 -0.2850647E-02  0.1176157E-02
  0.2396922E+00  0.1329580E+00 -0.6631987E+00  0.9980166E+01  0.5587052E+00  0.7588258E-01 -0.2820347E-02  0.1238022E-02
  0.2492181E+00  0.1447519E+00  0.2888158E+00  0.1004524E+02  0.5892488E+00  0.4048555E-01 -0.2982613E-02  0.1069838E-02
  0.2416615E+00  0.1368836E+00  0.3556854E+01  0.9023633E+01  0.5655307E+00  0.5856994E-01 -0.3293705E-02  0.1504902E-02
  0.1885120E+00  0.9337318E-01 -0.2726370E+00  0.8792485E+01  0.5621918E+00  0.6348839E-01 -0.3027855E-02  0.1222918E-02
  0.1769848E+00  0.1136721E+00  0.2605567E+01  0.8767982E+01  0.5678684E+00  0.5401106E-01 -0.3010757E-02  0.1395666E-02
