  0.5610000E+00  0.6223416E+00  0.1705493E-02  0.5197701E+03  0.2989607E+02  0.6405686E+00  0.1000679E-02  0.2317712E+02  0.1016202E+01 -0.6212401E-02  0.2074227E-03  0.1896208E+00  0.1266240E-02 -0.4450589E-02  0.1514344E-03  0.3243546E+00  0.1916154E-02
  0.5612000E+00  0.6232937E+00  0.1826981E-02  0.5313533E+03  0.1428461E+02  0.6408928E+00  0.1047247E-02  0.2288685E+02  0.1067840E+01 -0.6049508E-02  0.1857174E-03  0.1896189E+00  0.1093194E-02 -0.4335421E-02  0.1447928E-03  0.3237291E+00  0.1582212E-02
  0.5614000E+00  0.6226677E+00  0.1641380E-02  0.5090805E+03  0.2751863E+02  0.6406939E+00  0.9003461E-03  0.2292422E+02  0.7751008E+00 -0.6091929E-02  0.1876660E-03  0.1884074E+00  0.1202253E-02 -0.4355269E-02  0.1313054E-03  0.3223833E+00  0.2264067E-02
  0.5616000E+00  0.6218905E+00  0.2077348E-02  0.5193248E+03  0.2449183E+02  0.6400458E+00  0.1328269E-02  0.2354798E+02  0.1223907E+01 -0.6169575E-02  0.2088908E-03  0.1873443E+00  0.1719416E-02 -0.4423273E-02  0.1695289E-03  0.3210284E+00  0.2667732E-02
  0.5618000E+00  0.6201377E+00  0.1833495E-02  0.5208561E+03  0.8796306E+01  0.6390613E+00  0.1196040E-02  0.2427379E+02  0.1100559E+01 -0.6337136E-02  0.1813727E-03  0.1857249E+00  0.1495050E-02 -0.4555059E-02  0.1440168E-03  0.3188233E+00  0.2419334E-02
  0.5620000E+00  0.6201459E+00  0.2133962E-02  0.5116461E+03  0.1972815E+02  0.6390643E+00  0.1215811E-02  0.2422945E+02  0.1047225E+01 -0.6314951E-02  0.2057392E-03  0.1852471E+00  0.1554660E-02 -0.4535162E-02  0.1437184E-03  0.3183284E+00  0.2416869E-02
  0.5622000E+00  0.6191770E+00  0.2145106E-02  0.5067292E+03  0.1767696E+02  0.6387971E+00  0.1155484E-02  0.2430065E+02  0.1001805E+01 -0.6410772E-02  0.2047679E-03  0.1843264E+00  0.1405665E-02 -0.4602748E-02  0.1471900E-03  0.3174474E+00  0.1931645E-02
  0.5624000E+00  0.6174467E+00  0.1774014E-02  0.5089234E+03  0.2117841E+02  0.6377643E+00  0.1091830E-02  0.2505710E+02  0.1016610E+01 -0.6576997E-02  0.1812041E-03  0.1825174E+00  0.1189794E-02 -0.4710877E-02  0.1357464E-03  0.3147693E+00  0.1898968E-02
  0.5626000E+00  0.6179654E+00  0.2019148E-02  0.5005189E+03  0.1942099E+02  0.6378523E+00  0.1310196E-02  0.2498535E+02  0.1148581E+01 -0.6541377E-02  0.2214957E-03  0.1823423E+00  0.1329390E-02 -0.4715228E-02  0.1622345E-03  0.3146601E+00  0.2355672E-02
  0.5628000E+00  0.6167067E+00  0.2172714E-02  0.5005656E+03  0.1962715E+02  0.6377284E+00  0.1398225E-02  0.2477857E+02  0.1163827E+01 -0.6613112E-02  0.2214825E-03  0.1809762E+00  0.1735804E-02 -0.4722214E-02  0.1731931E-03  0.3134480E+00  0.2638527E-02
  0.5630000E+00  0.6154214E+00  0.1947012E-02  0.4984897E+03  0.1557803E+02  0.6365486E+00  0.1047247E-02  0.2588881E+02  0.9544560E+00 -0.6753731E-02  0.2019845E-03  0.1796467E+00  0.1391816E-02 -0.4855377E-02  0.1406532E-03  0.3112992E+00  0.1831868E-02
  0.5632000E+00  0.6144983E+00  0.2279808E-02  0.4956639E+03  0.1162433E+02  0.6361529E+00  0.1175937E-02  0.2604429E+02  0.9848709E+00 -0.6829786E-02  0.2150217E-03  0.1784848E+00  0.1520743E-02 -0.4907650E-02  0.1519428E-03  0.3099143E+00  0.2135358E-02
  0.5634000E+00  0.6134754E+00  0.1959219E-02  0.4953207E+03  0.6924594E+01  0.6356465E+00  0.1113453E-02  0.2640814E+02  0.1009718E+01 -0.6926680E-02  0.1851367E-03  0.1773163E+00  0.1259160E-02 -0.4980820E-02  0.1438095E-03  0.3086327E+00  0.1762215E-02
  0.5636000E+00  0.6123974E+00  0.1604656E-02  0.4827176E+03  0.2402603E+02  0.6351497E+00  0.7564421E-03  0.2673378E+02  0.6946011E+00 -0.7024354E-02  0.1460984E-03  0.1764972E+00  0.1113453E-02 -0.5036700E-02  0.1061419E-03  0.3078084E+00  0.1427753E-02
  0.5638000E+00  0.6125944E+00  0.2221546E-02  0.4852967E+03  0.1870294E+02  0.6350014E+00  0.1328269E-02  0.2681594E+02  0.1145282E+01 -0.7018840E-02  0.2249960E-03  0.1759073E+00  0.1417278E-02 -0.5067736E-02  0.1670646E-03  0.3069975E+00  0.2171342E-02
  0.5640000E+00  0.6107659E+00  0.2470529E-02  0.4853332E+03  0.1055580E+02  0.6340822E+00  0.1481030E-02  0.2746647E+02  0.1285188E+01 -0.7161105E-02  0.2294406E-03  0.1744306E+00  0.1498037E-02 -0.5161119E-02  0.1860384E-03  0.3048054E+00  0.2094493E-02
