  0.5642000E+00  0.6078809E+00  0.2718635E-02  0.4819810E+03  0.1117922E+02  0.6326067E+00  0.1512884E-02  0.2857524E+02  0.1097872E+01 -0.7574654E-02  0.2864429E-03  0.1729830E+00  0.1846452E-02 -0.5460781E-02  0.2079483E-03  0.3033158E+00  0.2654293E-02
  0.5644000E+00  0.6091332E+00  0.2489756E-02  0.4799901E+03  0.1031504E+02  0.6334165E+00  0.1559445E-02  0.2781325E+02  0.1326801E+01 -0.7328957E-02  0.2236727E-03  0.1726669E+00  0.1650434E-02 -0.5279440E-02  0.1767897E-03  0.3031769E+00  0.2356937E-02
  0.5646000E+00  0.6086038E+00  0.2258796E-02  0.4735610E+03  0.1426096E+02  0.6330683E+00  0.1254417E-02  0.2810092E+02  0.1056902E+01 -0.7373160E-02  0.2029906E-03  0.1718689E+00  0.1521723E-02 -0.5309993E-02  0.1570803E-03  0.3021463E+00  0.2180929E-02
  0.5648000E+00  0.6062770E+00  0.2372062E-02  0.4720457E+03  0.1470034E+02  0.6317658E+00  0.1354925E-02  0.2881848E+02  0.1145004E+01 -0.7531613E-02  0.2352527E-03  0.1698084E+00  0.1560400E-02 -0.5435252E-02  0.1792502E-03  0.2992569E+00  0.2238917E-02
  0.5650000E+00  0.6058453E+00  0.2290242E-02  0.4698958E+03  0.1362443E+02  0.6314541E+00  0.1520743E-02  0.2910269E+02  0.1279534E+01 -0.7599777E-02  0.2209365E-03  0.1691376E+00  0.1352724E-02 -0.5486029E-02  0.1767732E-03  0.2984186E+00  0.2248216E-02
  0.5652000E+00  0.6043547E+00  0.1922365E-02  0.4626430E+03  0.1873433E+02  0.6305217E+00  0.1165755E-02  0.2971307E+02  0.1103970E+01 -0.7705212E-02  0.1810113E-03  0.1677091E+00  0.1321520E-02 -0.5576205E-02  0.1545117E-03  0.2966631E+00  0.1538280E-02
  0.5654000E+00  0.6030473E+00  0.2753491E-02  0.4638656E+03  0.7514985E+01  0.6300100E+00  0.1897398E-02  0.2988850E+02  0.1497524E+01 -0.7806259E-02  0.2616893E-03  0.1666252E+00  0.1717682E-02 -0.5640656E-02  0.2096349E-03  0.2952111E+00  0.2677768E-02
  0.5656000E+00  0.6023486E+00  0.2669965E-02  0.4576871E+03  0.8883270E+01  0.6296756E+00  0.1559445E-02  0.3000562E+02  0.1258952E+01 -0.7841205E-02  0.2478673E-03  0.1654600E+00  0.1572766E-02 -0.5667699E-02  0.1950650E-03  0.2938164E+00  0.2440185E-02
  0.5658000E+00  0.6012053E+00  0.2194551E-02  0.4587973E+03  0.7389181E+01  0.6289994E+00  0.1354925E-02  0.3038164E+02  0.1091829E+01 -0.7952070E-02  0.1615379E-03  0.1645284E+00  0.1462808E-02 -0.5741233E-02  0.1395366E-03  0.2922820E+00  0.2217517E-02
  0.5660000E+00  0.5989078E+00  0.2178194E-02  0.4521287E+03  0.1096187E+02  0.6278008E+00  0.1363695E-02  0.3114417E+02  0.1124045E+01 -0.8138413E-02  0.2004368E-03  0.1627578E+00  0.1224360E-02 -0.5885077E-02  0.1602264E-03  0.2902375E+00  0.1792398E-02
  0.5662000E+00  0.5982821E+00  0.2787911E-02  0.4467913E+03  0.1835688E+02  0.6275268E+00  0.1196040E-02  0.3122018E+02  0.7662306E+00 -0.8167297E-02  0.2277345E-03  0.1618235E+00  0.1587853E-02 -0.5904788E-02  0.1402128E-03  0.2892335E+00  0.2268013E-02
  0.5664000E+00  0.5981531E+00  0.2199976E-02  0.4471300E+03  0.1506154E+02  0.6274856E+00  0.1235265E-02  0.3109523E+02  0.9130135E+00 -0.8192634E-02  0.1804154E-03  0.1614099E+00  0.1309058E-02 -0.5914962E-02  0.1386053E-03  0.2885469E+00  0.1963777E-02
  0.5666000E+00  0.5966524E+00  0.2331511E-02  0.4418074E+03  0.1406103E+02  0.6265930E+00  0.1440223E-02  0.3161094E+02  0.1148283E+01 -0.8296847E-02  0.2218698E-03  0.1599611E+00  0.1266240E-02 -0.5992979E-02  0.1765508E-03  0.2866380E+00  0.1825349E-02
  0.5668000E+00  0.5937990E+00  0.3253580E-02  0.4337682E+03  0.1506320E+02  0.6253193E+00  0.1807300E-02  0.3228010E+02  0.1260348E+01 -0.8519960E-02  0.2792400E-03  0.1580785E+00  0.1741375E-02 -0.6149715E-02  0.2122220E-03  0.2841402E+00  0.2552408E-02
  0.5670000E+00  0.5930181E+00  0.2248216E-02  0.4380734E+03  0.7280110E+01  0.6247301E+00  0.1589729E-02  0.3252773E+02  0.1122045E+01 -0.8572007E-02  0.2236337E-03  0.1570369E+00  0.1293024E-02 -0.6194728E-02  0.1776601E-03  0.2827114E+00  0.2190473E-02
