  0.5610000E+00  0.5988150E+00  0.1225576E-02  0.1536092E+03  0.1690507E+01  0.6421014E+00  0.6176324E-03  0.6717072E+01  0.1863572E+00 -0.1417174E-01  0.4097205E-03  0.2186496E+00  0.7075868E-03 -0.8911371E-02  0.2844445E-03  0.4048831E+00  0.7948643E-03
  0.5620000E+00  0.5976425E+00  0.1196040E-02  0.1518324E+03  0.1697425E+01  0.6416699E+00  0.4882812E-03  0.6764434E+01  0.1534714E+00 -0.1390541E-01  0.2486527E-03  0.2151470E+00  0.8097229E-03 -0.8747255E-02  0.1741776E-03  0.4006807E+00  0.1075328E-02
  0.5630000E+00  0.5946144E+00  0.1415174E-02  0.1492366E+03  0.1384625E+01  0.6406387E+00  0.4882812E-03  0.6968871E+01  0.1381841E+00 -0.1431451E-01  0.2351042E-03  0.2116939E+00  0.1126756E-02 -0.8999062E-02  0.1605620E-03  0.3968001E+00  0.1310196E-02
  0.5640000E+00  0.5933707E+00  0.1047247E-02  0.1467622E+03  0.1942132E+01  0.6399688E+00  0.4367320E-03  0.7081851E+01  0.1388341E+00 -0.1442173E-01  0.1978942E-03  0.2091936E+00  0.1094556E-02 -0.9111702E-02  0.1433230E-03  0.3935693E+00  0.1230430E-02
  0.5650000E+00  0.5893987E+00  0.1363695E-02  0.1434641E+03  0.9039842E+00  0.6388869E+00  0.6176324E-03  0.7264973E+01  0.1499512E+00 -0.1491797E-01  0.1807378E-03  0.2050596E+00  0.1106741E-02 -0.9382653E-02  0.1318584E-03  0.3890683E+00  0.1277954E-02
  0.5660000E+00  0.5860651E+00  0.1102694E-02  0.1415717E+03  0.1442112E+01  0.6371676E+00  0.4882812E-03  0.7672026E+01  0.1318439E+00 -0.1548618E-01  0.2469379E-03  0.2018090E+00  0.1006618E-02 -0.9828699E-02  0.1494855E-03  0.3846622E+00  0.1108087E-02
  0.5670000E+00  0.5836293E+00  0.2030921E-02  0.1387778E+03  0.1733403E+01  0.6364049E+00  0.5777422E-03  0.7759329E+01  0.1410151E+00 -0.1576405E-01  0.3045266E-03  0.1984215E+00  0.1442291E-02 -0.9984529E-02  0.1717207E-03  0.3807347E+00  0.1563263E-02
  0.5680000E+00  0.5804435E+00  0.1254417E-02  0.1365880E+03  0.7675041E+00  0.6353468E+00  0.4367320E-03  0.7910057E+01  0.1088996E+00 -0.1617047E-01  0.2079342E-03  0.1951589E+00  0.7873299E-03 -0.1022170E-01  0.1375409E-03  0.3770818E+00  0.1024227E-02
  0.5690000E+00  0.5771911E+00  0.1398225E-02  0.1345074E+03  0.8926786E+00  0.6338377E+00  0.6550980E-03  0.8234407E+01  0.1857174E+00 -0.1660764E-01  0.2520704E-03  0.1922135E+00  0.9036502E-03 -0.1054795E-01  0.1912834E-03  0.3729803E+00  0.1268592E-02
  0.5700000E+00  0.5746754E+00  0.1648627E-02  0.1321213E+03  0.1274142E+01  0.6328786E+00  0.7564421E-03  0.8389837E+01  0.1784947E+00 -0.1689636E-01  0.2811098E-03  0.1893008E+00  0.1150314E-02 -0.1076763E-01  0.1856939E-03  0.3695346E+00  0.1310196E-02
