  0.5610000E+00  0.6014158E+00  0.1010872E-01  0.1276762E+03  0.2916320E+02  0.6428355E+00  0.4693599E-02  0.6403255E+01  0.1357379E+01 -0.1369679E-01  0.2035716E-02  0.2194057E+00  0.1012036E-01 -0.8675337E-02  0.1545025E-02  0.4057023E+00  0.1110021E-01
  0.5620000E+00  0.5978450E+00  0.9732610E-02  0.1145004E+03  0.4209518E+02  0.6420621E+00  0.4295765E-02  0.6570027E+01  0.1308920E+01 -0.1376467E-01  0.1714001E-02  0.2144001E+00  0.7181014E-02 -0.8518207E-02  0.1166878E-02  0.4004922E+00  0.9206400E-02
  0.5630000E+00  0.5895575E+00  0.1038330E-01  0.1114016E+03  0.3828933E+02  0.6393102E+00  0.5083756E-02  0.7178055E+01  0.1316076E+01 -0.1444109E-01  0.1899765E-02  0.2080811E+00  0.9049025E-02 -0.9066021E-02  0.1396169E-02  0.3923331E+00  0.1153832E-01
  0.5640000E+00  0.5937532E+00  0.1443199E-01  0.1257169E+03  0.2478533E+02  0.6399874E+00  0.6373894E-02  0.7002782E+01  0.1802117E+01 -0.1441697E-01  0.2326893E-02  0.2122781E+00  0.1262717E-01 -0.9062302E-02  0.1600143E-02  0.3965298E+00  0.1490418E-01
  0.5650000E+00  0.5964464E+00  0.5984185E-02  0.1014500E+03  0.4190542E+02  0.6422644E+00  0.2351874E-02  0.6365407E+01  0.8007793E+00 -0.1367177E-01  0.1141017E-02  0.2107040E+00  0.4286041E-02 -0.8375394E-02  0.8620406E-03  0.3960374E+00  0.7282597E-02
  0.5660000E+00  0.5792787E+00  0.1753467E-01  0.1188647E+03  0.1725326E+02  0.6342975E+00  0.9505821E-02  0.8197204E+01  0.2404768E+01 -0.1703410E-01  0.3226915E-02  0.1998091E+00  0.1154697E-01 -0.1076646E-01  0.2403792E-02  0.3802008E+00  0.1639200E-01
  0.5670000E+00  0.5847478E+00  0.1318631E-01  0.9476620E+02  0.4068251E+02  0.6377175E+00  0.7488394E-02  0.7351054E+01  0.1962378E+01 -0.1516968E-01  0.2558040E-02  0.1977070E+00  0.8843319E-02 -0.9414578E-02  0.1803335E-02  0.3808949E+00  0.1259539E-01
  0.5680000E+00  0.5782062E+00  0.1874517E-01  0.1104886E+03  0.2808992E+02  0.6350994E+00  0.7633446E-02  0.7663864E+01  0.1765521E+01 -0.1614035E-01  0.2895807E-02  0.1921537E+00  0.1270141E-01 -0.1006476E-01  0.1960101E-02  0.3732625E+00  0.1549707E-01
  0.5690000E+00  0.5776989E+00  0.1412053E-01  0.1097300E+03  0.1588113E+02  0.6348861E+00  0.4993855E-02  0.7675167E+01  0.9927902E+00 -0.1578889E-01  0.1526405E-02  0.1898310E+00  0.1138740E-01 -0.9922111E-02  0.1017185E-02  0.3711537E+00  0.1506567E-01
  0.5700000E+00  0.5680100E+00  0.1733983E-01  0.1002935E+03  0.2447440E+02  0.6301171E+00  0.6926025E-02  0.8633053E+01  0.1464580E+01 -0.1761821E-01  0.2604417E-02  0.1839509E+00  0.1096814E-01 -0.1122244E-01  0.1757518E-02  0.3610078E+00  0.1396433E-01
