  0.5610000E+00  0.6389623E+00  0.1528562E-02  0.1035074E+04  0.1796271E+03  0.6453856E+00  0.1155484E-02  0.3895986E+02  0.2519010E+01 -0.3299671E-02  0.1472098E-03  0.1845463E+00  0.1255605E-02 -0.2550477E-02  0.1175150E-03  0.2981196E+00  0.2005820E-02
  0.5612000E+00  0.6381487E+00  0.1691456E-02  0.9825079E+03  0.2034483E+03  0.6449510E+00  0.1091830E-02  0.3992657E+02  0.2381590E+01 -0.3331310E-02  0.1346377E-03  0.1831785E+00  0.1276788E-02 -0.2577198E-02  0.1023520E-03  0.2962735E+00  0.2011754E-02
  0.5614000E+00  0.6371750E+00  0.2226905E-02  0.1087326E+04  0.9507050E+02  0.6441218E+00  0.1381068E-02  0.4110281E+02  0.2901374E+01 -0.3393179E-02  0.1771495E-03  0.1814871E+00  0.1629536E-02 -0.2624995E-02  0.1437210E-03  0.2939054E+00  0.2058614E-02
  0.5616000E+00  0.6368846E+00  0.1977388E-02  0.9758232E+03  0.2020510E+03  0.6441370E+00  0.1528562E-02  0.4055400E+02  0.3455380E+01 -0.3398448E-02  0.1602695E-03  0.1805088E+00  0.1699366E-02 -0.2627879E-02  0.1421250E-03  0.2926737E+00  0.2426714E-02
  0.5618000E+00  0.6360188E+00  0.1800692E-02  0.1012607E+04  0.1289225E+03  0.6434981E+00  0.1291871E-02  0.4182067E+02  0.2601082E+01 -0.3469658E-02  0.1445463E-03  0.1794444E+00  0.1391816E-02 -0.2686310E-02  0.1206253E-03  0.2913430E+00  0.2180929E-02
  0.5620000E+00  0.6364581E+00  0.2411932E-02  0.1008869E+04  0.1688940E+03  0.6436844E+00  0.1604656E-02  0.4128466E+02  0.3286603E+01 -0.3436220E-02  0.1808645E-03  0.1788481E+00  0.1913041E-02 -0.2664024E-02  0.1470787E-03  0.2907951E+00  0.2530126E-02
  0.5622000E+00  0.6340833E+00  0.1512884E-02  0.1062086E+04  0.7700779E+02  0.6424305E+00  0.1000679E-02  0.4339150E+02  0.2118464E+01 -0.3624314E-02  0.1127371E-03  0.1766798E+00  0.1132034E-02 -0.2800345E-02  0.9889929E-04  0.2882181E+00  0.1668393E-02
  0.5624000E+00  0.6324933E+00  0.2183660E-02  0.9828179E+03  0.1510073E+03  0.6409352E+00  0.1346098E-02  0.4606145E+02  0.2681971E+01 -0.3751475E-02  0.1588491E-03  0.1748941E+00  0.1610218E-02 -0.2927727E-02  0.1244083E-03  0.2853998E+00  0.2070163E-02
  0.5626000E+00  0.6328059E+00  0.2205389E-02  0.9200778E+03  0.2270176E+03  0.6411607E+00  0.1604656E-02  0.4525801E+02  0.3366975E+01 -0.3696603E-02  0.1657573E-03  0.1742777E+00  0.1463826E-02 -0.2874553E-02  0.1332198E-03  0.2846142E+00  0.2054266E-02
  0.5628000E+00  0.6319122E+00  0.2321263E-02  0.9432009E+03  0.1731309E+03  0.6405038E+00  0.1544081E-02  0.4618927E+02  0.2973220E+01 -0.3789735E-02  0.1963884E-03  0.1730237E+00  0.1686162E-02 -0.2951890E-02  0.1590413E-03  0.2829116E+00  0.2344259E-02
  0.5630000E+00  0.6304423E+00  0.1922365E-02  0.1038540E+04  0.6858060E+02  0.6398345E+00  0.1291871E-02  0.4700000E+02  0.2671537E+01 -0.3883123E-02  0.1511602E-03  0.1714096E+00  0.1318133E-02 -0.3017694E-02  0.1184677E-03  0.2811252E+00  0.1736662E-02
  0.5632000E+00  0.6296698E+00  0.2484963E-02  0.1008754E+04  0.1224398E+03  0.6393499E+00  0.1663026E-02  0.4773536E+02  0.3075483E+01 -0.3961009E-02  0.1809349E-03  0.1704734E+00  0.1943948E-02 -0.3076100E-02  0.1449259E-03  0.2800877E+00  0.2607852E-02
  0.5634000E+00  0.6291072E+00  0.1947012E-02  0.9219990E+03  0.1503961E+03  0.6389326E+00  0.1415174E-02  0.4792355E+02  0.2730649E+01 -0.3981101E-02  0.1393696E-03  0.1689665E+00  0.1358221E-02 -0.3098023E-02  0.1187774E-03  0.2781305E+00  0.2145106E-02
  0.5636000E+00  0.6277148E+00  0.2178194E-02  0.9837272E+03  0.1402159E+03  0.6381165E+00  0.1497042E-02  0.4927620E+02  0.2910850E+01 -0.4088921E-02  0.1552258E-03  0.1676265E+00  0.1248464E-02 -0.3181058E-02  0.1346323E-03  0.2765135E+00  0.1826981E-02
  0.5638000E+00  0.6263123E+00  0.2744818E-02  0.1034203E+04  0.3050246E+02  0.6368036E+00  0.1760523E-02  0.5149326E+02  0.3329585E+01 -0.4203332E-02  0.2184460E-03  0.1660608E+00  0.1772333E-02 -0.3276992E-02  0.1656058E-03  0.2740726E+00  0.2307097E-02
  0.5640000E+00  0.6248275E+00  0.3115066E-02  0.9423991E+03  0.1113934E+03  0.6358884E+00  0.2172714E-02  0.5250745E+02  0.4143731E+01 -0.4292673E-02  0.2232527E-03  0.1644418E+00  0.1762215E-02 -0.3351092E-02  0.1879953E-03  0.2720967E+00  0.2544222E-02
