  0.5642000E+00  0.6230321E+00  0.2258796E-02  0.9556752E+03  0.1025685E+03  0.6349667E+00  0.1719416E-02  0.5381232E+02  0.3174422E+01 -0.4506356E-02  0.1764643E-03  0.1632189E+00  0.1369148E-02 -0.3516650E-02  0.1388990E-03  0.2709811E+00  0.2277192E-02
  0.5644000E+00  0.6213926E+00  0.3382912E-02  0.9539384E+03  0.1286009E+03  0.6341488E+00  0.2001357E-02  0.5484242E+02  0.3253484E+01 -0.4567104E-02  0.2386672E-03  0.1614905E+00  0.2234254E-02 -0.3555268E-02  0.1892336E-03  0.2687230E+00  0.2916433E-02
  0.5646000E+00  0.6196032E+00  0.3336787E-02  0.9498666E+03  0.5944746E+02  0.6329916E+00  0.2279808E-02  0.5641356E+02  0.3917459E+01 -0.4666120E-02  0.2479407E-03  0.1596020E+00  0.1993898E-02 -0.3623682E-02  0.2121431E-03  0.2660967E+00  0.2876304E-02
  0.5648000E+00  0.6190854E+00  0.3179457E-02  0.9621413E+03  0.6592648E+02  0.6322066E+00  0.2377082E-02  0.5753101E+02  0.4218958E+01 -0.4681391E-02  0.2256805E-03  0.1585490E+00  0.1838364E-02 -0.3665930E-02  0.1884437E-03  0.2645536E+00  0.2713148E-02
  0.5650000E+00  0.6184069E+00  0.2804962E-02  0.9434938E+03  0.7383563E+02  0.6321586E+00  0.2216173E-02  0.5707744E+02  0.3851314E+01 -0.4710233E-02  0.2217419E-03  0.1573852E+00  0.1598608E-02 -0.3668499E-02  0.1908340E-03  0.2633766E+00  0.2448719E-02
  0.5652000E+00  0.6170323E+00  0.3103564E-02  0.9240430E+03  0.8448432E+02  0.6310561E+00  0.2194551E-02  0.5827874E+02  0.3584526E+01 -0.4820996E-02  0.2342050E-03  0.1559705E+00  0.1862122E-02 -0.3766543E-02  0.1998006E-03  0.2611692E+00  0.2809209E-02
  0.5654000E+00  0.6156809E+00  0.3558093E-02  0.9371509E+03  0.7790058E+02  0.6299497E+00  0.2336618E-02  0.6028585E+02  0.3852708E+01 -0.4922217E-02  0.2343758E-03  0.1545647E+00  0.1934728E-02 -0.3858083E-02  0.1963958E-03  0.2594081E+00  0.2749158E-02
  0.5656000E+00  0.6132982E+00  0.3111237E-02  0.9316193E+03  0.3216831E+02  0.6287922E+00  0.1977388E-02  0.6115101E+02  0.3250240E+01 -0.5044448E-02  0.2129749E-03  0.1524450E+00  0.1675079E-02 -0.3931719E-02  0.1762043E-03  0.2566638E+00  0.2237586E-02
  0.5658000E+00  0.6107836E+00  0.3634335E-02  0.9021117E+03  0.9033382E+02  0.6273955E+00  0.2709851E-02  0.6281276E+02  0.4742222E+01 -0.5214685E-02  0.2620117E-03  0.1506185E+00  0.1849275E-02 -0.4064703E-02  0.2345682E-03  0.2544019E+00  0.2806025E-02
  0.5660000E+00  0.6096811E+00  0.4621937E-02  0.9147995E+03  0.3900833E+02  0.6262442E+00  0.3171950E-02  0.6402161E+02  0.4537302E+01 -0.5292648E-02  0.3056094E-03  0.1489959E+00  0.2372062E-02 -0.4149121E-02  0.2550290E-03  0.2519781E+00  0.3692904E-02
  0.5662000E+00  0.6079610E+00  0.3769582E-02  0.8971483E+03  0.5146989E+02  0.6250879E+00  0.2541878E-02  0.6574457E+02  0.3805372E+01 -0.5381298E-02  0.2419974E-03  0.1476498E+00  0.2033121E-02 -0.4213410E-02  0.2073140E-03  0.2501712E+00  0.2955009E-02
  0.5664000E+00  0.6058298E+00  0.3231522E-02  0.9107259E+03  0.1873232E+02  0.6245496E+00  0.2279808E-02  0.6568464E+02  0.3685964E+01 -0.5500829E-02  0.2203561E-03  0.1459667E+00  0.1553701E-02 -0.4272348E-02  0.1879566E-03  0.2483164E+00  0.2427941E-02
  0.5666000E+00  0.6034249E+00  0.3763252E-02  0.8807365E+03  0.3885743E+02  0.6225128E+00  0.2242907E-02  0.6781036E+02  0.3040867E+01 -0.5622262E-02  0.2276579E-03  0.1437131E+00  0.2132914E-02 -0.4397845E-02  0.1794490E-03  0.2448904E+00  0.2813449E-02
  0.5668000E+00  0.6015542E+00  0.3744197E-02  0.8680916E+03  0.3425566E+02  0.6210822E+00  0.2411932E-02  0.6980843E+02  0.3169373E+01 -0.5729246E-02  0.2253062E-03  0.1422981E+00  0.1942031E-02 -0.4485798E-02  0.1804920E-03  0.2430963E+00  0.2668849E-02
  0.5670000E+00  0.5987402E+00  0.3141740E-02  0.8536764E+03  0.3899936E+02  0.6199423E+00  0.1922365E-02  0.7035189E+02  0.2869560E+01 -0.5889636E-02  0.1972460E-03  0.1401819E+00  0.1349415E-02 -0.4587090E-02  0.1654189E-03  0.2405257E+00  0.1909923E-02
