  0.5622000      0.6187791      2.7982818E-02   111.3169       149.7876    
  0.6386430      1.3654425E-02   23.36538       11.43665     -6.1580776E-03
  2.3744602E-03  0.1867793      1.9303558E-02 -4.3455660E-03  1.7576012E-03
  0.3185785      2.4432367E-02
  0.5624000      0.6230170      2.1384265E-02   124.8767       160.9634    
  0.6419540      1.0228298E-02   20.43367       7.886877     -5.8519123E-03
  2.0918152E-03  0.1874120      1.3698226E-02 -4.0422380E-03  1.3990799E-03
  0.3220602      1.6899047E-02
  0.5626000      0.6103151      2.3358019E-02   135.0752       182.3632    
  0.6372349      1.1624786E-02   24.08087       9.678199     -7.1837842E-03
  2.3658506E-03  0.1807238      1.4695055E-02 -4.9270033E-03  1.6906341E-03
  0.3142617      2.1714658E-02
  0.5628000      0.6201946      1.6073281E-02   94.77754       162.6372    
  0.6384127      9.6970247E-03   23.42203       8.384326     -6.1548231E-03
  1.6076847E-03  0.1841113      1.1345843E-02 -4.3707667E-03  1.1434919E-03
  0.3140048      1.6566880E-02
  0.5630000      0.6132957      2.7297499E-02   118.4888       146.8044    
  0.6359478      1.4525854E-02   25.31532       9.628895     -6.8713902E-03
  2.4719061E-03  0.1803332      1.4523802E-02 -4.9537062E-03  1.8870479E-03
  0.3127810      2.0786248E-02
  0.5632000      0.6066577      3.7796248E-02   161.0313       188.8749    
  0.6342854      1.6327878E-02   26.07661       10.55030     -7.5121284E-03
  3.1011607E-03  0.1776037      1.8355414E-02 -5.3199707E-03  2.1934197E-03
  0.3101156      2.4320131E-02
  0.5634000      0.6099696      3.2361668E-02   135.0660       157.8305    
  0.6337796      1.8973984E-02   26.03553       11.85734     -6.7971409E-03
  2.9053781E-03  0.1759044      1.7178377E-02 -4.8813820E-03  2.2179452E-03
  0.3057814      2.3742598E-02
  0.5636000      0.6052608      2.0231584E-02   159.3090       159.7221    
  0.6293107      1.2392151E-02   30.61154       11.06394     -7.5189234E-03
  2.2007860E-03  0.1722317      1.0607482E-02 -5.6087198E-03  1.7277176E-03
  0.2996368      1.3815857E-02
  0.5638000      0.6265303      1.3060953E-02   76.17995       128.9905    
  0.6419914      7.7018533E-03   21.21080       7.282263     -5.6221844E-03
  1.3652928E-03  0.1853540      1.1307033E-02 -4.0456532E-03  1.1090493E-03
  0.3183926      1.5709080E-02
  0.5640000      0.6185067      1.4725545E-02   124.7871       172.7600    
  0.6392953      1.0463356E-02   22.13412       9.756406     -6.1569451E-03
  1.5429901E-03  0.1783031      1.1576231E-02 -4.3623867E-03  1.2992503E-03
  0.3096307      1.7070301E-02
