  0.5622000E+00  0.6174484E+00  0.2133962E-02  0.5092090E+03  0.1959273E+02  0.6377242E+00  0.1254417E-02  0.2534486E+02  0.1185030E+01 -0.6693321E-02  0.2263244E-03  0.1835556E+00  0.1453611E-02 -0.4810983E-02  0.1841989E-03  0.3166299E+00  0.1919262E-02
  0.5624000E+00  0.6183507E+00  0.1698489E-02  0.5098900E+03  0.1465606E+02  0.6381893E+00  0.1047247E-02  0.2485597E+02  0.1052921E+01 -0.6549793E-02  0.1741442E-03  0.1836391E+00  0.1256791E-02 -0.4712558E-02  0.1388309E-03  0.3163530E+00  0.1875280E-02
  0.5626000E+00  0.6182952E+00  0.1865720E-02  0.4996988E+03  0.2453722E+02  0.6383200E+00  0.1091830E-02  0.2465316E+02  0.9198070E+00 -0.6495303E-02  0.1784854E-03  0.1829003E+00  0.1504984E-02 -0.4667634E-02  0.1440673E-03  0.3159218E+00  0.2374574E-02
  0.5628000E+00  0.6163508E+00  0.1648627E-02  0.5008485E+03  0.1067357E+02  0.6372670E+00  0.1155484E-02  0.2535840E+02  0.9970415E+00 -0.6685215E-02  0.1823729E-03  0.1808872E+00  0.1149018E-02 -0.4803366E-02  0.1554694E-03  0.3132777E+00  0.1940880E-02
  0.5630000E+00  0.6159021E+00  0.1655842E-02  0.4969722E+03  0.1848783E+02  0.6368829E+00  0.1000679E-02  0.2560995E+02  0.9355448E+00 -0.6695873E-02  0.1808344E-03  0.1800310E+00  0.1066981E-02 -0.4811185E-02  0.1347782E-03  0.3120126E+00  0.1634102E-02
  0.5632000E+00  0.6146408E+00  0.2161713E-02  0.4960695E+03  0.2180138E+02  0.6362077E+00  0.1091830E-02  0.2622041E+02  0.1002585E+01 -0.6812489E-02  0.2217452E-03  0.1788918E+00  0.1265063E-02 -0.4906344E-02  0.1615604E-03  0.3107112E+00  0.1413066E-02
  0.5634000E+00  0.6135159E+00  0.2216173E-02  0.4884576E+03  0.2053290E+02  0.6355513E+00  0.1398225E-02  0.2663981E+02  0.1281821E+01 -0.6934619E-02  0.2103832E-03  0.1777234E+00  0.1461789E-02 -0.4995555E-02  0.1656211E-03  0.3093026E+00  0.2240248E-02
  0.5636000E+00  0.6131760E+00  0.1846452E-02  0.4904661E+03  0.2278377E+02  0.6352494E+00  0.1134663E-02  0.2669252E+02  0.1017714E+01 -0.6947416E-02  0.1835975E-03  0.1767962E+00  0.1161914E-02 -0.5016577E-02  0.1411747E-03  0.3077963E+00  0.1708984E-02
  0.5638000E+00  0.6115439E+00  0.2100177E-02  0.4849276E+03  0.2147149E+02  0.6344039E+00  0.1134663E-02  0.2732699E+02  0.9480655E+00 -0.7098377E-02  0.1980706E-03  0.1753031E+00  0.1574660E-02 -0.5110204E-02  0.1479001E-03  0.3059352E+00  0.2129768E-02
  0.5640000E+00  0.6116756E+00  0.2518320E-02  0.4880479E+03  0.1202809E+02  0.6346474E+00  0.1134663E-02  0.2704840E+02  0.9259180E+00 -0.7072902E-02  0.2118308E-03  0.1750025E+00  0.1654942E-02 -0.5093026E-02  0.1432011E-03  0.3059154E+00  0.1978895E-02
