  0.5610000E+00  0.6389623E+00  0.1528562E-02  0.1035074E+04  0.1796271E+03  0.6453856E+00  0.1155484E-02  0.3895986E+02  0.2519010E+01 -0.3299671E-02  0.1472098E-03  0.1845463E+00  0.1255605E-02 -0.2550477E-02  0.1175150E-03  0.2981196E+00  0.2005820E-02
  0.5612000E+00  0.6381487E+00  0.1691456E-02  0.9825079E+03  0.2034483E+03  0.6449510E+00  0.1091830E-02  0.3992657E+02  0.2381590E+01 -0.3331310E-02  0.1346377E-03  0.1831785E+00  0.1276788E-02 -0.2577198E-02  0.1023520E-03  0.2962735E+00  0.2011754E-02
  0.5614000E+00  0.6371750E+00  0.2226905E-02  0.1087326E+04  0.9507050E+02  0.6441218E+00  0.1381068E-02  0.4110281E+02  0.2901374E+01 -0.3393179E-02  0.1771495E-03  0.1814871E+00  0.1629536E-02 -0.2624995E-02  0.1437210E-03  0.2939054E+00  0.2058614E-02
  0.5616000E+00  0.6368846E+00  0.1977388E-02  0.9758232E+03  0.2020510E+03  0.6441370E+00  0.1528562E-02  0.4055400E+02  0.3455380E+01 -0.3398448E-02  0.1602695E-03  0.1805088E+00  0.1699366E-02 -0.2627879E-02  0.1421250E-03  0.2926737E+00  0.2426714E-02
  0.5618000E+00  0.6360188E+00  0.1800692E-02  0.1012607E+04  0.1289225E+03  0.6434981E+00  0.1291871E-02  0.4182067E+02  0.2601082E+01 -0.3469658E-02  0.1445463E-03  0.1794444E+00  0.1391816E-02 -0.2686310E-02  0.1206253E-03  0.2913430E+00  0.2180929E-02
  0.5620000E+00  0.6364581E+00  0.2411932E-02  0.1008869E+04  0.1688940E+03  0.6436844E+00  0.1604656E-02  0.4128466E+02  0.3286603E+01 -0.3436220E-02  0.1808645E-03  0.1788481E+00  0.1913041E-02 -0.2664024E-02  0.1470787E-03  0.2907951E+00  0.2530126E-02
  0.5622000E+00  0.6340833E+00  0.1512884E-02  0.1062086E+04  0.7700779E+02  0.6424305E+00  0.1000679E-02  0.4339150E+02  0.2118464E+01 -0.3624314E-02  0.1127371E-03  0.1766798E+00  0.1132034E-02 -0.2800345E-02  0.9889929E-04  0.2882181E+00  0.1668393E-02
  0.5624000E+00  0.6324933E+00  0.2183660E-02  0.9828179E+03  0.1510073E+03  0.6409352E+00  0.1346098E-02  0.4606145E+02  0.2681971E+01 -0.3751475E-02  0.1588491E-03  0.1748941E+00  0.1610218E-02 -0.2927727E-02  0.1244083E-03  0.2853998E+00  0.2070163E-02
  0.5626000E+00  0.6328059E+00  0.2205389E-02  0.9200778E+03  0.2270176E+03  0.6411607E+00  0.1604656E-02  0.4525801E+02  0.3366975E+01 -0.3696603E-02  0.1657573E-03  0.1742777E+00  0.1463826E-02 -0.2874553E-02  0.1332198E-03  0.2846142E+00  0.2054266E-02
  0.5628000E+00  0.6319122E+00  0.2321263E-02  0.9432009E+03  0.1731309E+03  0.6405038E+00  0.1544081E-02  0.4618927E+02  0.2973220E+01 -0.3789735E-02  0.1963884E-03  0.1730237E+00  0.1686162E-02 -0.2951890E-02  0.1590413E-03  0.2829116E+00  0.2344259E-02
  0.5630000E+00  0.6304423E+00  0.1922365E-02  0.1038540E+04  0.6858060E+02  0.6398345E+00  0.1291871E-02  0.4700000E+02  0.2671537E+01 -0.3883123E-02  0.1511602E-03  0.1714096E+00  0.1318133E-02 -0.3017694E-02  0.1184677E-03  0.2811252E+00  0.1736662E-02
  0.5632000E+00  0.6296698E+00  0.2484963E-02  0.1008754E+04  0.1224398E+03  0.6393499E+00  0.1663026E-02  0.4773536E+02  0.3075483E+01 -0.3961009E-02  0.1809349E-03  0.1704734E+00  0.1943948E-02 -0.3076100E-02  0.1449259E-03  0.2800877E+00  0.2607852E-02
  0.5634000E+00  0.6291072E+00  0.1947012E-02  0.9219990E+03  0.1503961E+03  0.6389326E+00  0.1415174E-02  0.4792355E+02  0.2730649E+01 -0.3981101E-02  0.1393696E-03  0.1689665E+00  0.1358221E-02 -0.3098023E-02  0.1187774E-03  0.2781305E+00  0.2145106E-02
  0.5636000E+00  0.6277148E+00  0.2178194E-02  0.9837272E+03  0.1402159E+03  0.6381165E+00  0.1497042E-02  0.4927620E+02  0.2910850E+01 -0.4088921E-02  0.1552258E-03  0.1676265E+00  0.1248464E-02 -0.3181058E-02  0.1346323E-03  0.2765135E+00  0.1826981E-02
  0.5638000E+00  0.6263123E+00  0.2744818E-02  0.1034203E+04  0.3050246E+02  0.6368036E+00  0.1760523E-02  0.5149326E+02  0.3329585E+01 -0.4203332E-02  0.2184460E-03  0.1660608E+00  0.1772333E-02 -0.3276992E-02  0.1656058E-03  0.2740726E+00  0.2307097E-02
  0.5640000E+00  0.6248275E+00  0.3115066E-02  0.9423991E+03  0.1113934E+03  0.6358884E+00  0.2172714E-02  0.5250745E+02  0.4143731E+01 -0.4292673E-02  0.2232527E-03  0.1644418E+00  0.1762215E-02 -0.3351092E-02  0.1879953E-03  0.2720967E+00  0.2544222E-02
  0.5642000E+00  0.6230321E+00  0.2258796E-02  0.9556752E+03  0.1025685E+03  0.6349667E+00  0.1719416E-02  0.5381232E+02  0.3174422E+01 -0.4506356E-02  0.1764643E-03  0.1632189E+00  0.1369148E-02 -0.3516650E-02  0.1388990E-03  0.2709811E+00  0.2277192E-02
  0.5644000E+00  0.6213926E+00  0.3382912E-02  0.9539384E+03  0.1286009E+03  0.6341488E+00  0.2001357E-02  0.5484242E+02  0.3253484E+01 -0.4567104E-02  0.2386672E-03  0.1614905E+00  0.2234254E-02 -0.3555268E-02  0.1892336E-03  0.2687230E+00  0.2916433E-02
  0.5646000E+00  0.6196032E+00  0.3336787E-02  0.9498666E+03  0.5944746E+02  0.6329916E+00  0.2279808E-02  0.5641356E+02  0.3917459E+01 -0.4666120E-02  0.2479407E-03  0.1596020E+00  0.1993898E-02 -0.3623682E-02  0.2121431E-03  0.2660967E+00  0.2876304E-02
  0.5648000E+00  0.6190854E+00  0.3179457E-02  0.9621413E+03  0.6592648E+02  0.6322066E+00  0.2377082E-02  0.5753101E+02  0.4218958E+01 -0.4681391E-02  0.2256805E-03  0.1585490E+00  0.1838364E-02 -0.3665930E-02  0.1884437E-03  0.2645536E+00  0.2713148E-02
  0.5650000E+00  0.6184069E+00  0.2804962E-02  0.9434938E+03  0.7383563E+02  0.6321586E+00  0.2216173E-02  0.5707744E+02  0.3851314E+01 -0.4710233E-02  0.2217419E-03  0.1573852E+00  0.1598608E-02 -0.3668499E-02  0.1908340E-03  0.2633766E+00  0.2448719E-02
  0.5652000E+00  0.6170323E+00  0.3103564E-02  0.9240430E+03  0.8448432E+02  0.6310561E+00  0.2194551E-02  0.5827874E+02  0.3584526E+01 -0.4820996E-02  0.2342050E-03  0.1559705E+00  0.1862122E-02 -0.3766543E-02  0.1998006E-03  0.2611692E+00  0.2809209E-02
  0.5654000E+00  0.6156809E+00  0.3558093E-02  0.9371509E+03  0.7790058E+02  0.6299497E+00  0.2336618E-02  0.6028585E+02  0.3852708E+01 -0.4922217E-02  0.2343758E-03  0.1545647E+00  0.1934728E-02 -0.3858083E-02  0.1963958E-03  0.2594081E+00  0.2749158E-02
  0.5656000E+00  0.6132982E+00  0.3111237E-02  0.9316193E+03  0.3216831E+02  0.6287922E+00  0.1977388E-02  0.6115101E+02  0.3250240E+01 -0.5044448E-02  0.2129749E-03  0.1524450E+00  0.1675079E-02 -0.3931719E-02  0.1762043E-03  0.2566638E+00  0.2237586E-02
  0.5658000E+00  0.6107836E+00  0.3634335E-02  0.9021117E+03  0.9033382E+02  0.6273955E+00  0.2709851E-02  0.6281276E+02  0.4742222E+01 -0.5214685E-02  0.2620117E-03  0.1506185E+00  0.1849275E-02 -0.4064703E-02  0.2345682E-03  0.2544019E+00  0.2806025E-02
  0.5660000E+00  0.6096811E+00  0.4621937E-02  0.9147995E+03  0.3900833E+02  0.6262442E+00  0.3171950E-02  0.6402161E+02  0.4537302E+01 -0.5292648E-02  0.3056094E-03  0.1489959E+00  0.2372062E-02 -0.4149121E-02  0.2550290E-03  0.2519781E+00  0.3692904E-02
  0.5662000E+00  0.6079610E+00  0.3769582E-02  0.8971483E+03  0.5146989E+02  0.6250879E+00  0.2541878E-02  0.6574457E+02  0.3805372E+01 -0.5381298E-02  0.2419974E-03  0.1476498E+00  0.2033121E-02 -0.4213410E-02  0.2073140E-03  0.2501712E+00  0.2955009E-02
  0.5664000E+00  0.6058298E+00  0.3231522E-02  0.9107259E+03  0.1873232E+02  0.6245496E+00  0.2279808E-02  0.6568464E+02  0.3685964E+01 -0.5500829E-02  0.2203561E-03  0.1459667E+00  0.1553701E-02 -0.4272348E-02  0.1879566E-03  0.2483164E+00  0.2427941E-02
  0.5666000E+00  0.6034249E+00  0.3763252E-02  0.8807365E+03  0.3885743E+02  0.6225128E+00  0.2242907E-02  0.6781036E+02  0.3040867E+01 -0.5622262E-02  0.2276579E-03  0.1437131E+00  0.2132914E-02 -0.4397845E-02  0.1794490E-03  0.2448904E+00  0.2813449E-02
  0.5668000E+00  0.6015542E+00  0.3744197E-02  0.8680916E+03  0.3425566E+02  0.6210822E+00  0.2411932E-02  0.6980843E+02  0.3169373E+01 -0.5729246E-02  0.2253062E-03  0.1422981E+00  0.1942031E-02 -0.4485798E-02  0.1804920E-03  0.2430963E+00  0.2668849E-02
  0.5670000E+00  0.5987402E+00  0.3141740E-02  0.8536764E+03  0.3899936E+02  0.6199423E+00  0.1922365E-02  0.7035189E+02  0.2869560E+01 -0.5889636E-02  0.1972460E-03  0.1401819E+00  0.1349415E-02 -0.4587090E-02  0.1654189E-03  0.2405257E+00  0.1909923E-02
  Temp           Uk             err            chi_k          err            Um             err            chi_m          err            Vk             err            k2             err            Vm             err            m2             err  