  0.5610000E+00  0.6432918E+00  0.1891105E-02  0.1430666E+04  0.6002648E+03  0.6429277E+00  0.1953125E-02  0.7036442E+02  0.6928739E+01 -0.2335489E-02  0.1346486E-03  0.1764563E+00  0.1419379E-02 -0.1953059E-02  0.1202719E-03  0.2671078E+00  0.3525276E-02
  0.5612000E+00  0.6433346E+00  0.1903671E-02  0.1431489E+04  0.7176926E+03  0.6432841E+00  0.2001357E-02  0.6894534E+02  0.6778297E+01 -0.2316445E-02  0.1333113E-03  0.1759404E+00  0.1386452E-02 -0.1921576E-02  0.1291586E-03  0.2667122E+00  0.3163482E-02
  0.5614000E+00  0.6429345E+00  0.2237586E-02  0.1417479E+04  0.6283958E+03  0.6426377E+00  0.1497042E-02  0.7128994E+02  0.5428261E+01 -0.2335519E-02  0.1378790E-03  0.1746691E+00  0.1405665E-02 -0.1954472E-02  0.9988026E-04  0.2649175E+00  0.2942882E-02
  0.5616000E+00  0.6426921E+00  0.2183660E-02  0.1384072E+04  0.6317305E+03  0.6433284E+00  0.2411932E-02  0.6816608E+02  0.7854189E+01 -0.2337450E-02  0.1439991E-03  0.1736693E+00  0.1980400E-02 -0.1940906E-02  0.1358951E-03  0.2651841E+00  0.4260936E-02
  0.5618000E+00  0.6420218E+00  0.2290242E-02  0.1478659E+04  0.5389250E+03  0.6419008E+00  0.2629475E-02  0.7242165E+02  0.8799547E+01 -0.2388054E-02  0.1470255E-03  0.1723115E+00  0.1746928E-02 -0.1998144E-02  0.1372562E-03  0.2620915E+00  0.4136004E-02
  0.5620000E+00  0.6406847E+00  0.2205389E-02  0.1436255E+04  0.5137587E+03  0.6414987E+00  0.2172714E-02  0.7266738E+02  0.7459134E+01 -0.2468586E-02  0.1509507E-03  0.1704973E+00  0.1498037E-02 -0.2046204E-02  0.1345810E-03  0.2602089E+00  0.3394345E-02
  0.5632000E+00  0.6313645E+00  0.2925616E-02  0.1385538E+04  0.5717451E+03  0.6344007E+00  0.2880445E-02  0.8954497E+02  0.8294293E+01 -0.3090865E-02  0.1769337E-03  0.1599504E+00  0.1915376E-02 -0.2580202E-02  0.1607840E-03  0.2473107E+00  0.3926795E-02
  0.5634000E+00  0.6302300E+00  0.2770754E-02  0.1536471E+04  0.2677267E+03  0.6337461E+00  0.2172714E-02  0.9130701E+02  0.6728148E+01 -0.3127104E-02  0.1546223E-03  0.1583522E+00  0.1899753E-02 -0.2613026E-02  0.1289204E-03  0.2452328E+00  0.3140791E-02
  0.5636000E+00  0.6304494E+00  0.3198149E-02  0.1575646E+04  0.2281052E+03  0.6335780E+00  0.2762136E-02  0.9114246E+02  0.7611310E+01 -0.3083122E-02  0.2063113E-03  0.1574020E+00  0.2027984E-02 -0.2575660E-02  0.1810113E-03  0.2438878E+00  0.3614601E-02
  0.5638000E+00  0.6280819E+00  0.3960801E-02  0.1394106E+04  0.4468606E+03  0.6318260E+00  0.2305805E-02  0.9458604E+02  0.5996418E+01 -0.3246224E-02  0.2373143E-03  0.1549366E+00  0.2139193E-02 -0.2702969E-02  0.1804154E-03  0.2401416E+00  0.3028722E-02
  0.5640000E+00  0.6281334E+00  0.3483605E-02  0.1546021E+04  0.2618458E+03  0.6320791E+00  0.2656537E-02  0.9290907E+02  0.7184456E+01 -0.3236043E-02  0.1981587E-03  0.1539093E+00  0.2198622E-02 -0.2690333E-02  0.1671712E-03  0.2393778E+00  0.3596416E-02
  0.5650000E+00  0.6148143E+00  0.3634335E-02  0.1449491E+04  0.2037072E+03  0.6218275E+00  0.2855506E-02  0.1132634E+03  0.6533029E+01 -0.3969616E-02  0.1993741E-03  0.1424899E+00  0.1933572E-02 -0.3316867E-02  0.1702505E-03  0.2240497E+00  0.3483605E-02
  0.5652000E+00  0.6147405E+00  0.4739096E-02  0.1524880E+04  0.9062119E+02  0.6211361E+00  0.4064776E-02  0.1140168E+03  0.1000597E+02 -0.3962475E-02  0.2532568E-03  0.1416060E+00  0.2425792E-02 -0.3324634E-02  0.2242753E-03  0.2222795E+00  0.3988917E-02
  0.5654000E+00  0.6110815E+00  0.4002715E-02  0.1419123E+04  0.2422226E+03  0.6194909E+00  0.3403989E-02  0.1176803E+03  0.7408715E+01 -0.4128212E-02  0.1986538E-03  0.1390646E+00  0.2224227E-02 -0.3454983E-02  0.1795341E-03  0.2203643E+00  0.3742605E-02
  0.5656000E+00  0.6114720E+00  0.5153623E-02  0.1442761E+04  0.1437289E+03  0.6190677E+00  0.3469890E-02  0.1172866E+03  0.8049262E+01 -0.4095775E-02  0.2460761E-03  0.1381637E+00  0.2523935E-02 -0.3431946E-02  0.1868228E-03  0.2182780E+00  0.3793226E-02
  0.5658000E+00  0.6061618E+00  0.6398161E-02  0.1395290E+04  0.1647519E+03  0.6161730E+00  0.3715432E-02  0.1223226E+03  0.7906979E+01 -0.4348069E-02  0.3194908E-03  0.1349247E+00  0.2750242E-02 -0.3616995E-02  0.2491176E-03  0.2145717E+00  0.3472895E-02
  0.5660000E+00  0.6054014E+00  0.4831271E-02  0.1408017E+04  0.9752846E+02  0.6147057E+00  0.3095873E-02  0.1241432E+03  0.5752717E+01 -0.4392064E-02  0.2207256E-03  0.1337070E+00  0.2321904E-02 -0.3682262E-02  0.1732855E-03  0.2122387E+00  0.3496840E-02
  0.5662000E+00  0.6012604E+00  0.3676729E-02  0.1424572E+04  0.8146042E+02  0.6112019E+00  0.2692197E-02  0.1303182E+03  0.6358926E+01 -0.4618025E-02  0.2163744E-03  0.1309379E+00  0.1408313E-02 -0.3861201E-02  0.1789496E-03  0.2082946E+00  0.2271951E-02
  0.5664000E+00  0.5946570E+00  0.7624071E-02  0.1409945E+04  0.5172813E+02  0.6079294E+00  0.5295095E-02  0.1335241E+03  0.1001826E+02 -0.4865950E-02  0.3609821E-03  0.1273159E+00  0.3152394E-02 -0.4039311E-02  0.2932681E-03  0.2039544E+00  0.4273856E-02
  0.5666000E+00  0.5930239E+00  0.3382912E-02  0.1366453E+04  0.7576543E+02  0.6067430E+00  0.2896953E-02  0.1355183E+03  0.5823981E+01 -0.4957748E-02  0.1698376E-03  0.1257839E+00  0.1507951E-02 -0.4114509E-02  0.1349724E-03  0.2024172E+00  0.2498121E-02
  0.5668000E+00  0.5906873E+00  0.6174393E-02  0.1326389E+04  0.9632653E+02  0.6049074E+00  0.4323427E-02  0.1372038E+03  0.7281397E+01 -0.5024010E-02  0.2844189E-03  0.1239192E+00  0.2559986E-02 -0.4184234E-02  0.2424930E-03  0.1996002E+00  0.3807733E-02
  0.5670000E+00  0.5870718E+00  0.5920095E-02  0.1315076E+04  0.9470375E+02  0.6023417E+00  0.4723979E-02  0.1404589E+03  0.8084417E+01 -0.5178267E-02  0.2738092E-03  0.1217852E+00  0.2417485E-02 -0.4303032E-02  0.2375580E-03  0.1965881E+00  0.3864446E-02
  Temp           Uk             err            chi_k          err            Um             err            chi_m          err            Vk             err            k2             err            Vm             err            m2             err  