  0.560999990      0.633743703       1.19084576E-02   129.370514       159.569260      0.649098277       5.95623069E-03   14.8476133       5.46541643      -4.47130203E-03   1.15298876E-03  0.196401864       8.14585015E-03  -3.06684966E-03   8.02277180E-04  0.338847071       1.07043907E-02
  0.561999977      0.627890408       1.33203268E-02   139.710327       190.327896      0.644666970       8.41771998E-03   18.4374962       6.85277319      -5.04423399E-03   1.11552211E-03  0.190782472       9.23903752E-03  -3.50553985E-03   8.71968339E-04  0.326236904       1.43889785E-02
  0.563000023      0.626475692       5.54580893E-03   180.490646       198.741928      0.642914236       4.00271500E-03   20.3109169       4.06188107      -5.28918486E-03   5.83237153E-04  0.185950592       4.65342542E-03  -3.76533275E-03   5.32380596E-04  0.318970919       7.25882268E-03
  0.564000010      0.615005195       1.53626353E-02   194.825287       173.431458      0.634390533       1.32052777E-02   27.2482491       11.5308752      -6.25752192E-03   1.45369698E-03  0.173942119       9.27702244E-03  -4.62515373E-03   1.33381481E-03  0.303327471       1.75297391E-02
  0.564999998      0.614651501       1.36622805E-02   174.262329       151.900589      0.638537109       7.18288077E-03   22.2068882       6.60635996      -6.09457493E-03   1.12233812E-03  0.172028005       8.20962526E-03  -4.26633377E-03   8.80078005E-04  0.302959770       1.21865068E-02
  0.565999985      0.613319159       1.04234042E-02   205.975708       182.675537      0.633411348       7.52016529E-03   27.4979343       6.81618309      -6.48481864E-03   8.65132606E-04  0.170293659       7.62446132E-03  -4.74157324E-03   7.40556454E-04  0.297460556       1.27014145E-02
  0.567000031      0.609453857       1.63883660E-02   238.398438       162.985687      0.635615647       6.66284747E-03   24.2725735       5.01737213      -6.59215450E-03   1.27931323E-03  0.164031282       1.00064902E-02  -4.64259367E-03   8.39509070E-04  0.294351280       1.30438283E-02
  0.568000019      0.595958948       1.07842749E-02   208.360397       125.935249      0.629003763       7.21269241E-03   28.2222443       5.92490005      -7.74806738E-03   8.13849329E-04  0.155006602       6.46419637E-03  -5.47796488E-03   7.17552553E-04  0.281555027       1.01877162E-02
  0.569000006      0.584627032       2.40058657E-02   237.896332       150.045746      0.622166157       1.10453060E-02   31.9551086       6.72617340      -8.70569982E-03   1.72393932E-03  0.147893906       1.12567758E-02  -6.29153242E-03   1.22392701E-03  0.272181958       1.77597832E-02
  0.569999993      0.579158187       1.70318484E-02   298.779053       73.4875793      0.616977930       1.25280069E-02   34.7581024       8.19388485      -8.81469250E-03   1.27964979E-03  0.142556816       8.32229480E-03  -6.43068552E-03   1.15457468E-03  0.262993246       1.31539470E-02
