0.5600418848167539 0.6331707317073171
0.5601884816753926 0.6331707317073171
0.5603769633507852 0.6321951219512195
0.5606073298429318 0.631219512195122
0.5608586387434554 0.630569105691057
0.561089005235602 0.6295934959349594
0.5612984293193717 0.6292682926829268
0.5615287958115183 0.6286178861788618
0.5617801047120419 0.6279674796747968
0.5620314136125654 0.6266666666666667
0.562282722513089 0.6260162601626017
0.5625130890052356 0.6247154471544716
0.56282722513089 0.6234146341463415
0.5630575916230366 0.6227642276422765
0.563350785340314 0.6221138211382115
0.5635811518324607 0.6208130081300813
0.5638534031413612 0.6195121951219512
0.5641047120418847 0.6185365853658537
0.5643560209424083 0.6175609756097561
0.5646073298429318 0.6162601626016261
0.5649214659685863 0.614308943089431
0.5651727748691099 0.613658536585366
0.5654869109947643 0.6123577235772358
0.565675392670157 0.6113821138211383
0.5660314136125654 0.6091056910569106
0.5663874345549738 0.6071544715447155
0.5666387434554974 0.6058536585365855
0.56682722513089 0.6039024390243903
0.5671623036649214 0.6026016260162602
0.5674973821989528 0.599349593495935
0.5678115183246073 0.598048780487805
0.5680628272251308 0.5960975609756098
0.5682931937172774 0.5944715447154472
0.568544502617801 0.592520325203252
0.5688376963350785 0.5905691056910569
0.569130890052356 0.5889430894308944
0.5694240837696335 0.5856910569105691
