0.5606282722513088 0.6422764227642277
0.5608167539267015 0.6409756097560976
0.5610471204188481 0.640650406504065
0.5612774869109947 0.639349593495935
0.5614869109947643 0.6383739837398374
0.561675392670157 0.6377235772357723
0.5618848167539267 0.6367479674796748
0.5621151832460732 0.6357723577235773
0.5623246073298429 0.6351219512195122
0.5625340314136125 0.6338211382113821
0.562806282722513 0.6328455284552845
0.5630157068062827 0.631219512195122
0.5632460732984292 0.6302439024390244
0.5635392670157068 0.6286178861788618
0.5637696335078534 0.6273170731707317
0.5639790575916229 0.6260162601626017
0.5642303664921465 0.6240650406504066
0.5646073298429318 0.6217886178861789
0.5648376963350785 0.6201626016260163
0.5650261780104712 0.6191869918699188
0.5652356020942407 0.6178861788617886
0.5654031413612565 0.6162601626016261
0.565696335078534 0.6139837398373984
0.5658219895287957 0.6123577235772358
0.5660732984293193 0.6104065040650407
0.5663874345549738 0.6071544715447155
0.5665549738219895 0.6052032520325203
0.5667434554973821 0.6029268292682928
0.5669528795811518 0.6013008130081301
0.5671832460732984 0.59869918699187
0.567413612565445 0.5957723577235773
0.5676230366492147 0.5928455284552846
0.5678324607329842 0.5908943089430895
0.5680209424083769 0.5892682926829269
0.5681256544502618 0.5869918699186992
0.5682722513089005 0.5840650406504065
0.5684607329842931 0.582439024390244
0.5686282722513089 0.5798373983739837
0.5688376963350785 0.5782113821138212
0.5689633507853402 0.575609756097561
0.569109947643979 0.5726829268292684
0.5692565445026178 0.5707317073170732
0.5694240837696335 0.5678048780487805
0.5694869109947643 0.5655284552845529
0.5696125654450261 0.5648780487804879
0.5697172774869109 0.5629268292682927
0.5698010471204188 0.5606504065040652
