0.5602513089005235 0.6494308943089431
0.5604188481675392 0.6491056910569106
0.5606073298429318 0.6481300813008131
0.5608167539267015 0.647479674796748
0.5610261780104712 0.6461788617886179
0.5612565445026177 0.6461788617886179
0.5615497382198952 0.6452032520325204
0.5618010471204188 0.6435772357723577
0.5619895287958114 0.6429268292682927
0.5621570680628272 0.6416260162601626
0.5624083769633508 0.6409756097560976
0.5625759162303664 0.6396747967479675
0.562806282722513 0.6383739837398374
0.5630157068062827 0.6370731707317073
0.5632460732984292 0.6357723577235773
0.5635183246073298 0.6334959349593496
0.5637486910994763 0.6325203252032521
0.5639790575916229 0.630569105691057
0.5641884816753926 0.6286178861788618
0.5643979057591623 0.6266666666666667
0.5646492146596858 0.6247154471544716
0.5648586387434554 0.6221138211382115
0.5650680628272251 0.6204878048780488
0.5652774869109947 0.6182113821138212
0.5654450261780104 0.6165853658536585
0.565696335078534 0.6130081300813008
0.5658638743455496 0.6104065040650407
0.5660732984293193 0.606829268292683
0.566219895287958 0.6048780487804879
0.5663664921465968 0.6026016260162602
0.5665340314136125 0.6000000000000001
0.5667225130890052 0.5964227642276423
0.566869109947644 0.5941463414634147
0.5669947643979057 0.5921951219512196
0.5671623036649214 0.5895934959349594
0.5673298429319371 0.5873170731707318
0.5674345549738219 0.5843902439024391
0.5675811518324607 0.5811382113821139
0.5677277486910994 0.5778861788617887
0.5678743455497381 0.5752845528455285
0.5680418848167539 0.5717073170731708
0.5681465968586387 0.5687804878048781
0.5682931937172774 0.5658536585365854
0.5684188481675392 0.5622764227642277
